number of cooks =4,number of max customers per minute = 5,number of Cashiers = 4,
Order Number,Time Taken,Number of Ordered Things,Excess Wait Time 
30713,15,1,0,
30712,30,2,0,
30710,45,3,0,
30711,45,3,0,
30717,51,1,36,
30715,51,2,21,
30714,61,3,16,
30716,56,2,26,
30719,57,1,42,
30720,47,1,32,
30721,52,1,37,
30718,72,2,42,
30722,53,1,38,
30723,83,3,38,
30726,74,2,44,
30724,88,3,43,
30725,88,3,43,
30727,104,2,74,
30728,95,2,65,
30731,110,1,95,
30732,101,1,86,
30729,114,3,69,
30730,124,3,79,
30734,77,1,62,
30737,63,1,48,
30735,95,2,65,
30736,95,2,65,
30733,126,3,81,
30739,86,2,56,
30740,96,2,66,
30741,97,2,67,
30738,99,3,54,
30742,92,1,77,
30746,98,1,83,
30743,117,2,87,
30744,118,2,88,
30749,104,1,89,
30745,125,3,80,
30747,129,2,99,
30752,125,1,110,
30748,153,3,108,
30750,135,2,105,
30751,151,3,106,
30754,134,2,104,
30753,141,3,96,
30757,140,1,125,
30755,151,3,106,
30756,152,2,122,
30758,147,1,132,
30759,156,1,141,
30760,157,1,142,
30761,148,1,133,
30762,158,2,128,
30765,159,2,129,
30763,182,3,137,
30764,173,3,128,
30766,179,2,149,
30769,179,1,164,
30767,190,2,160,
30770,185,1,170,
30768,193,2,163,
30771,185,1,170,
30772,186,1,171,
30776,162,1,147,
30773,196,2,166,
30774,184,2,154,
30775,201,3,156,
30778,197,2,167,
30779,205,2,175,
30780,197,1,182,
30777,208,3,163,
30781,203,1,188,
30782,211,1,196,
30786,197,1,182,
30783,228,2,198,
30784,219,2,189,
30788,214,1,199,
30785,229,3,184,
30787,228,2,198,
30791,225,1,210,
30789,235,3,190,
30792,239,2,209,
30790,250,3,205,
30796,236,1,221,
30793,261,3,216,
30794,271,3,226,
30795,275,3,230,
30798,272,2,242,
30797,282,3,237,
30800,286,2,256,
30799,297,3,252,
30802,283,2,253,
30801,298,3,253,
30803,302,3,257,
30804,293,3,248,
30805,309,3,264,
30806,294,3,249,
30808,304,2,274,
30807,318,3,273,
30809,310,2,280,
30810,315,2,285,
30813,296,1,281,
30811,320,3,275,
30815,302,1,287,
30814,306,2,276,
30812,334,3,289,
30819,300,1,285,
30816,321,2,291,
30817,303,2,273,
30821,307,1,292,
30818,322,3,277,
30820,336,3,291,
30823,328,2,298,
30822,339,3,294,
30824,323,2,293,
30825,332,1,317,
30829,338,1,323,
30827,340,2,310,
30828,344,2,314,
30830,344,1,329,
30826,364,3,319,
30831,336,1,321,
30832,340,1,325,
30833,350,1,335,
30836,316,1,301,
30834,355,2,325,
30837,316,1,301,
30835,357,2,327,
30838,322,1,307,
30839,311,1,296,
30843,307,1,292,
30841,328,2,298,
30840,342,3,297,
30844,323,1,308,
30842,338,3,293,
30845,354,3,309,
