number of cooks =4,number of max customers per minute = 5,number of Cashiers = 2,
Order Number,Time Taken,Number of Ordered Things,Excess Wait Time 
4888,15,1,0,
4890,30,2,0,
4889,45,3,0,
4892,36,2,6,
4891,45,3,0,
4895,47,2,17,
4893,57,3,12,
4896,47,2,17,
4894,71,3,26,
4898,58,2,28,
4899,48,2,18,
4897,73,3,28,
4902,53,1,38,
4900,67,3,22,
4901,69,2,39,
4903,83,2,53,
4906,25,1,10,
4907,40,1,25,
4904,80,3,35,
4905,73,3,28,
4909,46,1,31,
4908,70,3,25,
4910,61,2,31,
4911,73,2,43,
4912,82,3,37,
4915,85,2,55,
4913,97,3,52,
4914,96,3,51,
4918,102,1,87,
4917,115,2,85,
4916,118,3,73,
4919,123,3,78,
4920,104,2,74,
4921,117,2,87,
4922,109,2,79,
4924,100,1,85,
4927,106,1,91,
4923,139,3,94,
4926,120,2,90,
4925,143,3,98,
4928,136,2,106,
4930,141,2,111,
4932,123,1,108,
4929,155,3,110,
4931,168,3,123,
4933,152,2,122,
4934,153,2,123,
4935,165,2,135,
4936,170,2,140,
4937,178,3,133,
4938,180,3,135,
4940,181,2,151,
4939,182,3,137,
4942,176,1,161,
4944,187,1,172,
4943,202,2,172,
4941,213,3,168,
4945,197,2,167,
4946,224,3,179,
4949,218,2,188,
4947,237,3,192,
4948,239,3,194,
4951,233,1,218,
4952,258,2,228,
4950,260,3,215,
4954,255,2,225,
4955,255,1,240,
4953,266,3,221,
4956,256,1,241,
4958,276,2,246,
4959,267,2,237,
4957,290,3,245,
4960,272,3,227,
4961,287,2,257,
4963,282,2,252,
4962,293,3,248,
4965,292,1,277,
4964,292,2,262,
4969,278,1,263,
4966,283,2,253,
4967,309,3,264,
4968,308,3,263,
4970,300,2,270,
4971,294,2,264,
4973,304,1,289,
4972,320,2,290,
4976,310,1,295,
4975,315,2,285,
4977,325,1,310,
4974,326,3,281,
4981,321,1,306,
4979,326,2,296,
4978,347,3,302,
4980,352,3,307,
4983,347,2,317,
4984,358,2,328,
4982,367,3,322,
4985,363,2,333,
4988,369,2,339,
4986,383,3,338,
4987,384,3,339,
4990,355,1,340,
4989,379,3,334,
4991,364,2,334,
4994,380,2,350,
4992,390,3,345,
4993,381,3,336,
4995,384,2,354,
4999,371,1,356,
4996,410,2,380,
4997,401,2,371,
5002,367,1,352,
4998,397,3,352,
5000,401,2,371,
5001,411,2,381,
5004,388,2,358,
5005,392,2,362,
5006,393,2,363,
5003,403,3,358,
5009,379,1,364,
5010,379,1,364,
5007,399,2,369,
5008,394,2,364,
5012,409,2,379,
5013,400,2,370,
5011,424,3,379,
5015,376,1,361,
5014,390,3,345,
5016,406,3,361,
5017,411,3,366,
5018,412,3,367,
5020,402,1,387,
5019,415,3,370,
5021,432,2,402,
5022,447,3,402,
