number of cooks =4,number of max customers per minute = 5,number of Cashiers = 2,
Order Number,Time Taken,Number of Ordered Things,Excess Wait Time 
3412,7,1,0,
3413,7,1,0,
3414,14,2,0,
3415,21,3,0,
3417,7,1,0,
3419,7,1,0,
3416,28,4,0,
3418,21,3,0,
3420,14,2,0,
3421,7,1,0,
3422,21,3,0,
3424,14,2,0,
3425,7,1,0,
3423,21,3,0,
3426,14,2,0,
3429,14,2,0,
3427,28,4,0,
3430,19,2,5,
3428,28,4,0,
3434,16,1,9,
3433,24,2,10,
3436,22,1,15,
3435,22,2,8,
3431,42,4,14,
3432,37,4,9,
3437,36,2,22,
3438,43,3,22,
3439,35,3,14,
3440,39,3,18,
3443,33,1,26,
3444,37,1,30,
3445,40,1,33,
3446,44,1,37,
3441,55,4,27,
3442,62,4,34,
3449,34,1,27,
3448,57,3,36,
3450,48,2,34,
3447,60,4,32,
3451,46,3,25,
3453,45,1,38,
3452,52,2,38,
3456,43,1,36,
3454,45,2,31,
3457,49,1,42,
3455,58,3,37,
3458,56,3,35,
3460,61,3,40,
3461,62,2,48,
3459,64,4,36,
3462,54,1,47,
3466,42,1,35,
3464,67,2,53,
3465,68,2,54,
3463,74,3,53,
3469,47,1,40,
3468,62,2,48,
3471,45,1,38,
3470,59,2,45,
3472,51,1,44,
3467,71,4,43,
3473,52,1,45,
3477,50,1,43,
3474,70,3,49,
3475,63,3,42,
3478,65,2,51,
3476,70,4,42,
3479,66,2,52,
3481,61,2,47,
3482,64,2,50,
3484,59,1,52,
3480,72,4,44,
3485,53,1,46,
3483,68,3,47,
3486,51,3,30,
3489,43,2,29,
3487,54,3,33,
3492,42,1,35,
3488,52,4,24,
3491,48,2,34,
3490,62,3,41,
3495,53,2,39,
3493,70,4,42,
3494,61,4,33,
3496,64,3,43,
3499,59,1,52,
3501,57,1,50,
3500,69,2,55,
3497,81,4,53,
3498,73,3,52,
3503,72,3,51,
3505,65,3,44,
3502,86,4,58,
3504,81,4,53,
3509,49,1,42,
3507,67,3,46,
3506,71,4,43,
3511,45,1,38,
3508,74,4,46,
3510,71,3,50,
3513,43,1,36,
3514,43,1,36,
3515,39,1,32,
3512,63,3,42,
3517,28,2,14,
3519,30,1,23,
3518,34,2,20,
3516,55,3,34,
3521,19,1,12,
3520,42,2,28,
3525,21,1,14,
3522,36,3,15,
3523,36,3,15,
3528,24,1,17,
3524,38,4,10,
3529,23,1,16,
3526,33,3,12,
3527,38,3,17,
3532,28,2,14,
3531,35,3,14,
3530,47,4,19,
3533,39,3,18,
3534,42,2,28,
3536,25,1,18,
3535,37,3,16,
3538,28,2,14,
3539,30,2,16,
3537,48,4,20,
3540,22,2,8,
3542,15,2,1,
3541,21,3,0,
3543,7,1,0,
3544,7,1,0,
3545,14,2,0,
3547,7,1,0,
3546,21,3,0,
3549,12,1,5,
3548,14,2,0,
3550,14,2,0,
3553,14,2,0,
3554,18,2,4,
3551,28,4,0,
3552,28,4,0,
3555,27,3,6,
3556,31,3,10,
3559,15,1,8,
3557,37,4,9,
3558,37,4,9,
3560,23,3,2,
3561,27,3,6,
3562,38,3,17,
3563,38,3,17,
3565,22,2,8,
3564,35,3,14,
3566,27,1,20,
3567,17,1,10,
3570,38,3,17,
3568,41,4,13,
3569,43,4,15,
