number of cooks =4,number of max customers per minute = 7,number of Cashiers = 4,
Order Number,Time Taken,Number of Ordered Things,Excess Wait Time 
34124,7,1,0,
34123,21,3,0,
34125,15,1,8,
34121,28,4,0,
34122,28,4,0,
34129,25,1,18,
34126,26,2,12,
34127,30,2,16,
34128,32,2,18,
34133,21,1,14,
34131,38,3,17,
34132,42,3,21,
34130,45,4,17,
34134,36,2,22,
34138,14,1,7,
34136,37,2,23,
34137,27,3,6,
34135,57,4,29,
34140,32,2,18,
34141,25,1,18,
34139,43,4,15,
34142,46,4,18,
34145,38,2,24,
34143,51,4,23,
34144,44,4,16,
34147,46,1,39,
34148,39,1,32,
34146,51,2,37,
34150,21,2,7,
34151,14,2,0,
34154,12,1,5,
34149,43,4,15,
34152,23,3,2,
34157,20,1,13,
34158,28,1,21,
34153,30,4,2,
34155,41,4,13,
34156,42,4,14,
34159,48,4,20,
34160,49,4,21,
34161,53,3,32,
34162,54,3,33,
34163,69,3,48,
34164,77,4,49,
34165,62,4,34,
34166,63,4,35,
34167,55,2,41,
34168,46,1,39,
34172,53,1,46,
34170,58,2,44,
34169,64,3,43,
34174,56,1,49,
34176,64,1,57,
34171,74,4,46,
34175,69,2,55,
34173,82,4,54,
34179,64,2,50,
34177,86,3,65,
34181,62,1,55,
34178,83,4,55,
34180,65,3,44,
34185,72,1,65,
34183,84,3,63,
34182,85,4,57,
34186,78,2,64,
34184,91,4,63,
34187,82,1,75,
34191,67,2,53,
34189,70,3,49,
34188,74,4,46,
34190,74,3,53,
34195,72,1,65,
34194,79,2,65,
34192,86,4,58,
34193,89,4,61,
34199,87,1,80,
34197,91,3,70,
34196,91,4,63,
34198,98,3,77,
34201,112,3,91,
34200,115,4,87,
34202,110,4,82,
34203,110,3,89,
34204,111,1,104,
34208,99,1,92,
34206,122,3,101,
34207,122,3,101,
34205,125,4,97,
34209,121,3,100,
34213,126,2,112,
34212,127,3,106,
34210,141,4,113,
34211,131,4,103,
34217,129,1,122,
34215,139,3,118,
34214,145,4,117,
34216,150,4,122,
34219,153,2,139,
34218,157,4,129,
34221,145,2,131,
34220,157,3,136,
34222,129,2,115,
34224,133,1,126,
34226,127,1,120,
34223,140,3,119,
34227,138,2,124,
34229,137,1,130,
34225,139,3,118,
34228,149,3,128,
34230,150,3,129,
34231,150,3,129,
34232,151,3,130,
34234,157,1,150,
34235,164,2,150,
34236,136,2,122,
34237,136,1,129,
34233,168,4,140,
34238,164,4,136,
34239,165,4,137,
34240,164,4,136,
34241,166,4,138,
34242,169,2,155,
34243,170,2,156,
34244,177,3,156,
34245,186,4,158,
34246,171,3,150,
34248,172,2,158,
34249,174,1,167,
34247,179,4,151,
34251,170,1,163,
34253,177,1,170,
34254,168,1,161,
34252,179,2,165,
34250,199,4,171,
34257,191,3,170,
34255,196,4,168,
34256,197,4,169,
34258,192,3,171,
34259,196,2,182,
34261,202,2,188,
34262,204,3,183,
34260,215,4,187,
34263,215,4,187,
34264,221,4,193,
34265,226,3,205,
34267,220,2,206,
34266,233,4,205,
34269,231,2,217,
34268,233,3,212,
34270,235,2,221,
34271,236,3,215,
34273,238,2,224,
34272,250,4,222,
34276,252,2,238,
34274,254,4,226,
34275,257,3,236,
34278,251,1,244,
34281,249,1,242,
34277,262,3,241,
34280,253,2,239,
34279,266,3,245,
34284,251,1,244,
34282,261,3,240,
34285,268,3,247,
34287,249,1,242,
34283,271,4,243,
34286,263,3,242,
34290,249,1,242,
34289,264,2,250,
34288,277,4,249,
34292,271,3,250,
34291,272,4,244,
34295,269,1,262,
34294,272,2,258,
34293,283,4,255,
34297,284,2,270,
34296,291,4,263,
34299,294,3,273,
34301,289,1,282,
34300,289,2,275,
34298,300,4,272,
34304,296,1,289,
34302,300,2,286,
34303,304,2,290,
34308,292,1,285,
34306,309,3,288,
34305,319,4,291,
34309,300,1,293,
34310,307,1,300,
34312,288,1,281,
34307,309,4,281,
34314,303,2,289,
34311,319,4,291,
34313,316,4,288,
34316,317,2,303,
34315,318,4,290,
34318,314,1,307,
34317,330,3,309,
34320,330,3,309,
34322,316,2,302,
34319,337,4,309,
34321,333,4,305,
34326,311,1,304,
34324,328,3,307,
34323,329,4,301,
34328,326,1,319,
34325,336,4,308,
34327,340,4,312,
34330,331,2,317,
34329,348,4,320,
34332,328,1,321,
34331,335,4,307,
34335,342,2,328,
34333,350,4,322,
34334,357,4,329,
