number of cooks =4,number of max customers per minute = 5,number of Cashiers = 4,
Order Number,Time Taken,Number of Ordered Things,Excess Wait Time 
29314,21,3,0,
29315,21,3,0,
29316,21,3,0,
29319,9,1,2,
29320,9,1,2,
29317,14,2,0,
29322,7,1,0,
29318,28,4,0,
29321,21,3,0,
29325,16,1,9,
29326,19,1,12,
29323,33,4,5,
29324,36,4,8,
29328,17,1,10,
29327,31,2,17,
29331,25,1,18,
29332,19,1,12,
29330,31,2,17,
29329,35,3,14,
29333,20,2,6,
29335,16,2,2,
29334,21,3,0,
29336,34,4,6,
29337,28,4,0,
29339,14,2,0,
29340,14,2,0,
29338,28,4,0,
29341,23,2,9,
29344,16,1,9,
29342,19,2,5,
29345,21,1,14,
29346,14,1,7,
29343,26,3,5,
29348,16,2,2,
29349,19,2,5,
29347,31,3,10,
29352,17,1,10,
29350,28,3,7,
29353,16,2,2,
29351,28,3,7,
29354,22,2,8,
29357,16,1,9,
29355,37,4,9,
29359,31,2,17,
29356,45,4,17,
29361,19,1,12,
29358,41,4,13,
29364,16,2,2,
29360,36,4,8,
29363,31,3,10,
29362,34,4,6,
29365,14,2,0,
29366,21,3,0,
29367,21,3,0,
29369,12,1,5,
29368,21,3,0,
29370,23,3,2,
29371,14,2,0,
29372,14,2,0,
29373,23,3,2,
29376,19,2,5,
29377,11,1,4,
29374,35,3,14,
29375,26,3,5,
29378,14,2,0,
29379,21,3,0,
29380,21,3,0,
29381,14,2,0,
29383,23,3,2,
29382,28,4,0,
29385,7,1,0,
29384,28,4,0,
29386,28,4,0,
29387,7,1,0,
29388,21,3,0,
29389,21,3,0,
29393,9,1,2,
29390,21,3,0,
29391,28,4,0,
29392,21,3,0,
29396,16,1,9,
29395,33,3,12,
29394,38,4,10,
29397,7,1,0,
29399,14,2,0,
29398,28,4,0,
29400,21,3,0,
29402,7,1,0,
29401,14,2,0,
29403,28,4,0,
29405,14,2,0,
29406,7,1,0,
29404,28,4,0,
29407,21,3,0,
29409,21,3,0,
29410,7,1,0,
29408,28,4,0,
29411,14,2,0,
29412,16,2,2,
29414,14,2,0,
29413,36,4,8,
29415,14,2,0,
29418,7,1,0,
29419,7,1,0,
29416,21,3,0,
29417,21,3,0,
29421,7,1,0,
29420,22,2,8,
29422,7,1,0,
29424,7,1,0,
29425,24,3,3,
29423,28,4,0,
29426,21,3,0,
29427,21,3,0,
29429,16,1,9,
29428,29,2,15,
29431,14,2,0,
29430,30,4,2,
29432,28,4,0,
29433,21,3,0,
29434,26,3,5,
29435,32,3,11,
29436,40,3,19,
