number of cooks =4,number of max customers per minute = 5,number of Cashiers = 4,
Order Number,Time Taken,Number of Ordered Things,Excess Wait Time 
32048,25,5,0,
32049,15,3,0,
32051,5,1,0,
32050,25,5,0,
32053,21,3,6,
32052,36,6,6,
32056,20,4,0,
32055,25,5,0,
32057,27,4,7,
32054,30,6,0,
32059,11,1,6,
32058,21,2,11,
32061,16,3,1,
32060,38,6,8,
32062,10,2,0,
32063,10,2,0,
32064,20,4,0,
32065,20,4,0,
32066,30,6,0,
32067,30,6,0,
32068,30,6,0,
32070,16,3,1,
32071,21,2,11,
32069,25,5,0,
32072,31,4,11,
32073,22,3,7,
32074,22,2,12,
32078,8,1,3,
32075,31,3,16,
32076,27,3,12,
32079,24,3,9,
32077,38,5,13,
32080,42,6,12,
32081,33,5,8,
32084,33,2,23,
32083,44,5,19,
32082,45,6,15,
32087,50,3,35,
32088,41,3,26,
32085,54,6,24,
32090,37,1,32,
32086,59,5,34,
32089,46,3,31,
32093,10,2,0,
32091,50,3,35,
32092,53,3,38,
32095,21,2,11,
32097,19,3,4,
32096,21,4,1,
32094,32,5,7,
32100,22,2,12,
32101,13,2,3,
32099,30,4,10,
32098,42,6,12,
32102,28,3,13,
32103,29,3,14,
32105,5,1,0,
32104,26,3,11,
32106,10,2,0,
32107,20,4,0,
32108,15,3,0,
32110,10,2,0,
32109,25,5,0,
32112,5,1,0,
32113,16,3,1,
32111,20,4,0,
32115,10,2,0,
32114,30,6,0,
32118,11,2,1,
32117,15,3,0,
32116,30,6,0,
32119,5,1,0,
32121,15,3,0,
32120,25,5,0,
32125,16,2,6,
32122,30,6,0,
32123,30,6,0,
32127,16,1,11,
32124,31,5,6,
32126,32,3,17,
32128,20,4,0,
32130,15,3,0,
32131,10,2,0,
32133,11,1,6,
32129,30,6,0,
32132,20,4,0,
32136,6,1,1,
32135,22,4,2,
32134,26,5,1,
32138,10,2,0,
32139,10,2,0,
32137,25,5,0,
32140,15,3,0,
32141,16,3,1,
32144,5,1,0,
32143,20,4,0,
32142,31,6,1,
32146,10,2,0,
32147,16,3,1,
32145,30,6,0,
32150,12,1,7,
32148,20,4,0,
32151,16,3,1,
32149,31,6,1,
32152,28,5,3,
32155,12,2,2,
32153,36,5,11,
32154,20,4,0,
32158,5,1,0,
32157,28,3,13,
32156,39,6,9,
32159,21,4,1,
32160,26,4,6,
32163,12,2,2,
32162,25,3,10,
32165,8,1,3,
32161,39,6,9,
32166,11,1,6,
32164,27,4,7,
32170,18,2,8,
32167,30,6,0,
32168,30,6,0,
32169,32,6,2,
32172,6,1,1,
32173,11,2,1,
32175,12,1,7,
32171,39,6,9,
32174,23,4,3,
