number of cooks =6,number of max customers per minute = 7,number of Cashiers = 2,
Order Number,Time Taken,Number of Ordered Things,Excess Wait Time 
23430,15,1,0,
23432,15,1,0,
23431,30,2,0,
23429,45,3,0,
23434,15,1,0,
23435,15,1,0,
23433,45,3,0,
23437,15,1,0,
23438,15,1,0,
23443,21,1,6,
23436,45,3,0,
23441,36,2,6,
23439,49,3,4,
23440,59,3,14,
23446,32,1,17,
23442,52,3,7,
23445,56,2,26,
23444,58,3,13,
23447,52,2,22,
23449,62,2,32,
23450,61,2,31,
23448,76,3,31,
23454,58,1,43,
23451,82,3,37,
23456,63,1,48,
23455,73,2,43,
23452,74,3,29,
23457,65,1,50,
23453,78,3,33,
23459,59,1,44,
23460,60,1,45,
23464,45,1,30,
23458,98,3,53,
23461,80,3,35,
23462,81,3,36,
23465,60,2,30,
23463,64,3,19,
23466,66,2,36,
23469,66,1,51,
23472,72,1,57,
23470,80,2,50,
23473,73,1,58,
23467,94,3,49,
23468,95,3,50,
23471,98,3,53,
23474,102,2,72,
23475,102,2,72,
23476,102,2,72,
23478,107,2,77,
23477,128,3,83,
23483,121,1,106,
23480,123,2,93,
23481,123,2,93,
23479,126,3,81,
23482,138,3,93,
23487,120,1,105,
23484,141,2,111,
23485,144,2,114,
23486,144,2,114,
23490,126,1,111,
23488,137,2,107,
23489,141,2,111,
23494,132,1,117,
23492,154,2,124,
23493,146,2,116,
23496,146,1,131,
23497,138,1,123,
23491,166,3,121,
23495,162,3,117,
23501,158,2,128,
23502,166,2,136,
23498,171,3,126,
23499,172,3,127,
23500,172,3,127,
23503,187,3,142,
23508,177,1,162,
23504,180,2,150,
23506,191,2,161,
23509,185,1,170,
23510,185,1,170,
23505,204,3,159,
23507,207,3,162,
23512,197,1,182,
23513,199,1,184,
23515,200,1,185,
23516,204,1,189,
23517,203,1,188,
23511,215,3,170,
23518,206,1,191,
23514,229,3,184,
23520,225,2,195,
23521,225,2,195,
23524,225,1,210,
23523,227,2,197,
23519,244,3,199,
23525,239,1,224,
23526,231,1,216,
23522,241,3,196,
23527,213,1,198,
23528,229,2,199,
23529,236,2,206,
23530,241,2,211,
23532,233,2,203,
23533,233,2,203,
23531,247,3,202,
23536,246,1,231,
23537,239,1,224,
23535,256,2,226,
23539,252,1,237,
23540,253,1,238,
23534,264,3,219,
23542,254,1,239,
23538,270,3,225,
23541,260,2,230,
23546,260,1,245,
23544,274,2,244,
23545,266,2,236,
23543,288,3,243,
23552,284,1,269,
23547,295,3,250,
23548,295,3,250,
23551,287,2,257,
23549,304,3,259,
23550,301,3,256,
23555,291,1,276,
23553,306,2,276,
23556,307,2,277,
23554,322,3,277,
23559,312,2,282,
23557,322,3,277,
23558,327,3,282,
23562,318,1,303,
23561,319,2,289,
23560,341,3,296,
23566,324,1,309,
23564,342,2,312,
23563,348,3,303,
23569,330,1,315,
23570,338,1,323,
23565,361,3,316,
23567,355,3,310,
23568,358,3,313,
23574,364,2,334,
23571,374,3,329,
23575,365,2,335,
23572,374,3,329,
23573,375,3,330,
23578,379,1,364,
23579,372,1,357,
23576,393,3,348,
23583,386,1,371,
23577,408,3,363,
23580,402,3,357,
23585,394,1,379,
23581,410,3,365,
23584,405,2,375,
23582,416,3,371,
23587,407,1,392,
23588,408,1,393,
23590,411,1,396,
23592,413,1,398,
23593,415,1,400,
23589,430,2,400,
23586,435,3,390,
23594,407,1,392,
23591,428,2,398,
23595,410,1,395,
23599,412,1,397,
23600,394,1,379,
23596,417,2,387,
23602,399,1,384,
23604,402,1,387,
23597,438,3,393,
23598,441,3,396,
23603,414,2,384,
23601,416,3,371,
23605,420,2,390,
23607,419,2,389,
23609,425,2,395,
23606,429,3,384,
23608,437,3,392,
23610,440,3,395,
23614,434,1,419,
23611,454,3,409,
23617,431,1,416,
23612,455,3,410,
23613,462,3,417,
23619,446,1,431,
23620,449,1,434,
23615,464,3,419,
23616,458,3,413,
23622,453,1,438,
23618,471,3,426,
23621,486,3,441,
23627,476,1,461,
23623,487,3,442,
23624,489,3,444,
23625,493,3,448,
23628,484,1,469,
23629,484,1,469,
23626,497,3,452,
23631,495,1,480,
23632,498,1,483,
23633,490,1,475,
23634,490,1,475,
23630,507,2,477,
23636,501,1,486,
23637,511,2,481,
23638,511,2,481,
23635,524,3,479,
23639,525,3,480,
23640,533,3,488,
23641,536,3,491,
23643,532,2,502,
23642,555,3,510,
23645,546,2,516,
23644,551,3,506,
23646,554,2,524,
23647,557,2,527,
23648,543,2,513,
23650,533,1,518,
23653,544,1,529,
23651,552,2,522,
23649,573,3,528,
23652,570,3,525,
23656,536,2,506,
23654,577,3,532,
23655,549,3,504,
23657,543,2,513,
23658,553,2,523,
23662,545,1,530,
23659,561,2,531,
23665,551,1,536,
23663,564,2,534,
23660,580,3,535,
23664,574,2,544,
23661,583,3,538,
23668,569,1,554,
23666,588,3,543,
23669,591,2,561,
23667,596,3,551,
