number of cooks =4,number of max customers per minute = 7,number of Cashiers = 2,
Order Number,Time Taken,Number of Ordered Things,Excess Wait Time 
8400,7,1,0,
8398,14,2,0,
8399,14,2,0,
8402,7,1,0,
8401,28,4,0,
8406,16,1,9,
8404,21,3,0,
8405,21,3,0,
8403,33,4,5,
8408,27,1,20,
8407,45,4,17,
8409,48,4,20,
8410,42,4,14,
8412,43,1,36,
8411,48,4,20,
8415,49,2,35,
8416,53,2,39,
8413,68,4,40,
8414,69,4,41,
8418,51,1,44,
8419,56,1,49,
8417,61,3,40,
8422,70,2,56,
8420,72,3,51,
8421,78,4,50,
8423,73,3,52,
8426,75,2,61,
8427,78,2,64,
8424,91,4,63,
8425,91,4,63,
8428,82,1,75,
8429,92,2,78,
8430,86,2,72,
8432,94,3,73,
8433,97,2,83,
8431,101,4,73,
8435,83,1,76,
8434,98,3,77,
8437,79,1,72,
8438,87,2,73,
8439,92,2,78,
8436,97,4,69,
8440,91,3,70,
8443,85,1,78,
8445,83,1,76,
8441,107,4,79,
8446,90,1,83,
8442,111,4,83,
8444,100,4,72,
8449,97,2,83,
8450,78,1,71,
8448,103,3,82,
8451,85,1,78,
8447,115,4,87,
8453,90,1,83,
8452,92,2,78,
8455,84,1,77,
8456,95,2,81,
8458,97,2,83,
8454,104,4,76,
8457,104,3,83,
8460,104,2,90,
8459,108,3,87,
8461,108,2,94,
8464,106,1,99,
8462,116,3,95,
8466,120,2,106,
8463,131,4,103,
8465,128,4,100,
8468,119,1,112,
8469,121,1,114,
8467,135,4,107,
8471,126,1,119,
8470,132,2,118,
8472,126,2,112,
8473,131,2,117,
8475,130,1,123,
8476,132,1,125,
8474,138,3,117,
8478,143,3,122,
8477,150,4,122,
8480,141,3,120,
8479,152,4,124,
8484,147,2,133,
8481,162,4,134,
8483,153,3,132,
8482,159,4,131,
8485,162,2,148,
8489,151,1,144,
8486,172,3,151,
8487,165,3,144,
8490,165,2,151,
8488,168,4,140,
8491,168,2,154,
8492,168,2,154,
8493,172,1,165,
8496,167,1,160,
8494,180,3,159,
8495,181,3,160,
8497,185,3,164,
8498,188,3,167,
8501,174,1,167,
8499,185,2,171,
8500,186,2,172,
8503,188,2,174,
8505,178,3,157,
8502,199,4,171,
8504,194,4,166,
8507,166,1,159,
8506,181,3,160,
8511,176,2,162,
8508,188,4,160,
8509,192,4,164,
8510,185,4,157,
8513,183,2,169,
8514,187,2,173,
8516,189,1,182,
8512,195,4,167,
8517,186,1,179,
8515,203,4,175,
8518,196,2,182,
8522,202,1,195,
8519,206,3,185,
8520,207,3,186,
8523,202,1,195,
8521,214,3,193,
8527,204,1,197,
8526,216,2,202,
8524,219,3,198,
8528,212,1,205,
8529,214,1,207,
8525,226,4,198,
8530,216,1,209,
8533,215,1,208,
8532,228,2,214,
8534,212,2,198,
8531,232,3,211,
8535,220,2,206,
8536,224,2,210,
8537,207,2,193,
8539,198,1,191,
8538,199,2,185,
8541,204,1,197,
8540,209,2,195,
8544,203,1,196,
8543,211,3,190,
8545,214,2,200,
8542,225,4,197,
8547,209,1,202,
8548,212,1,205,
8549,214,1,207,
8546,215,3,194,
8553,193,1,186,
8550,222,2,208,
8551,225,3,204,
8552,217,3,196,
8555,215,3,194,
8557,220,2,206,
8554,222,4,194,
8558,214,1,207,
8556,226,3,205,
8561,221,1,214,
8560,226,2,212,
8559,241,4,213,
8563,242,3,221,
8562,244,4,216,
8564,239,3,218,
8568,214,2,200,
8566,255,3,234,
8565,260,4,232,
8567,225,4,197,
8571,226,1,219,
8569,228,2,214,
8570,237,3,216,
8572,245,3,224,
8573,240,3,219,
8574,231,3,210,
8577,227,1,220,
8575,230,3,209,
8579,226,1,219,
8578,235,2,221,
8576,239,3,218,
8582,221,2,207,
8583,223,2,209,
8580,239,4,211,
8581,235,4,207,
8586,217,1,210,
8584,233,3,212,
8588,224,1,217,
8587,230,2,216,
8590,223,1,216,
8585,243,4,215,
8591,215,2,201,
8589,244,3,223,
8593,217,2,203,
8594,222,1,215,
8592,225,3,204,
8597,220,1,213,
8596,223,2,209,
8595,227,3,206,
8598,236,3,215,
8600,236,2,222,
8599,248,4,220,
8602,232,2,218,
8601,236,4,208,
8604,218,1,211,
8603,227,4,199,
