number of cooks =6,number of max customers per minute = 5,number of Cashiers = 2,
Order Number,Time Taken,Number of Ordered Things,Excess Wait Time 
19170,5,1,0,
19167,30,6,0,
19168,20,4,0,
19171,15,3,0,
19169,30,6,0,
19175,20,4,0,
19173,25,5,0,
19174,25,5,0,
19172,30,6,0,
19179,10,2,0,
19176,20,4,0,
19180,15,3,0,
19178,26,5,1,
19177,30,6,0,
19181,20,4,0,
19183,11,2,1,
19184,21,3,6,
19187,11,2,1,
19182,35,5,10,
19191,16,2,6,
19188,26,5,1,
19185,30,6,0,
19186,31,6,1,
19190,23,4,3,
19194,11,2,1,
19195,12,2,2,
19189,32,6,2,
19193,23,3,8,
19197,17,3,2,
19192,47,6,17,
19196,20,4,0,
19199,15,3,0,
19198,32,6,2,
19200,25,5,0,
19203,16,3,1,
19205,9,1,4,
19206,11,1,6,
19201,32,5,7,
19202,25,5,0,
19204,30,5,5,
19208,15,3,0,
19209,5,1,0,
19210,10,2,0,
19207,25,5,0,
19214,5,1,0,
19212,20,4,0,
19211,30,6,0,
19213,25,5,0,
19215,15,3,0,
19216,30,6,0,
19217,30,6,0,
19220,15,3,0,
19218,20,4,0,
19219,25,5,0,
19221,20,4,0,
19222,20,4,0,
19225,10,2,0,
19226,15,3,0,
19227,15,3,0,
19223,30,6,0,
19224,30,6,0,
19228,5,1,0,
19229,10,2,0,
19233,5,1,0,
19230,30,6,0,
19232,20,4,0,
19231,30,6,0,
19234,20,4,0,
19237,10,2,0,
19236,20,4,0,
19238,5,1,0,
19235,30,6,0,
19239,25,5,0,
19240,25,5,0,
19241,25,5,0,
19242,15,3,0,
19245,15,2,5,
19243,20,4,0,
19244,20,4,0,
19247,10,2,0,
19246,30,6,0,
19248,15,3,0,
19251,10,2,0,
19249,15,3,0,
19254,10,2,0,
19255,11,2,1,
19256,10,2,0,
19252,20,4,0,
19250,30,6,0,
19253,20,4,0,
19257,12,2,2,
19259,11,2,1,
19258,22,4,2,
19260,10,2,0,
19262,5,1,0,
19261,25,5,0,
19263,15,3,0,
19267,10,2,0,
19269,5,1,0,
19265,15,3,0,
19264,20,4,0,
19266,20,4,0,
19270,11,2,1,
19271,25,4,5,
19275,5,1,0,
19268,30,6,0,
19273,15,3,0,
19272,25,5,0,
19274,15,3,0,
19276,26,4,6,
19277,20,4,0,
19278,25,5,0,
19283,15,1,10,
19279,25,5,0,
19280,25,5,0,
19281,25,5,0,
19284,21,3,6,
19282,30,6,0,
19286,20,4,0,
19285,30,6,0,
19289,21,4,1,
19290,5,1,0,
19287,30,6,0,
19288,30,6,0,
19291,25,5,0,
19292,30,6,0,
19294,15,3,0,
19293,30,6,0,
19295,30,6,0,
19296,10,2,0,
19299,20,4,0,
19300,5,1,0,
19298,25,5,0,
19297,30,6,0,
19301,5,1,0,
19302,30,6,0,
