number of cooks =4,number of max customers per minute = 7,number of Cashiers = 4,
Order Number,Time Taken,Number of Ordered Things,Excess Wait Time 
38537,15,3,0,
38536,20,4,0,
38538,15,3,0,
38539,15,3,0,
38542,11,1,6,
38543,11,1,6,
38545,17,1,12,
38546,22,1,17,
38541,36,5,11,
38540,36,6,6,
38544,27,3,12,
38547,33,2,23,
38550,28,2,18,
38548,32,3,17,
38553,28,1,23,
38551,40,3,25,
38549,42,5,17,
38556,28,1,23,
38552,44,5,19,
38557,39,2,29,
38558,40,1,35,
38555,56,5,31,
38554,59,6,29,
38559,50,4,30,
38560,51,4,31,
38562,55,3,40,
38564,52,2,42,
38561,62,5,37,
38566,38,1,33,
38565,61,3,46,
38563,70,4,50,
38568,44,1,39,
38567,48,3,33,
38572,29,2,19,
38569,72,6,42,
38570,52,6,22,
38571,55,6,25,
38573,50,4,30,
38574,63,4,43,
38576,51,5,26,
38577,41,4,21,
38575,63,6,33,
38578,49,3,34,
38580,57,3,42,
38579,67,5,42,
38583,63,3,48,
38581,64,6,34,
38582,65,5,40,
38584,73,5,48,
38586,75,4,55,
38587,76,4,56,
38585,79,5,54,
38588,83,2,73,
38590,77,2,67,
38589,90,3,75,
38594,86,1,81,
38591,90,4,70,
38593,93,3,78,
38592,95,4,75,
38598,81,1,76,
38595,102,3,87,
38599,92,2,82,
38597,99,5,74,
38596,101,6,71,
38600,84,4,64,
38602,90,2,80,
38603,97,3,82,
38604,99,3,84,
38601,103,6,73,
38606,103,3,88,
38608,109,3,94,
38605,111,6,81,
38607,121,6,91,
38609,124,6,94,
38610,125,5,100,
38611,107,5,82,
38612,112,4,92,
38613,115,2,105,
38616,118,3,103,
38614,136,6,106,
38615,128,6,98,
38617,131,5,106,
38619,117,2,107,
38618,139,4,119,
38623,120,2,110,
38620,134,5,109,
38621,137,5,112,
38622,138,4,118,
38624,126,3,111,
38626,133,3,118,
38627,134,5,109,
38625,145,6,115,
38628,137,4,117,
38629,149,5,124,
38631,146,4,126,
38632,138,4,118,
38630,155,6,125,
38636,141,1,136,
38635,149,4,129,
38633,160,6,130,
38634,167,6,137,
38637,147,3,132,
38640,143,1,138,
38638,155,3,140,
38639,156,3,141,
38642,154,2,144,
38643,156,2,146,
38641,158,4,138,
38644,161,3,146,
38645,164,2,154,
38646,157,2,147,
38647,149,2,139,
38650,123,1,118,
38648,138,3,123,
38649,151,5,126,
38651,135,5,110,
38654,137,1,132,
38652,144,6,114,
38653,149,6,119,
38656,153,5,128,
38658,135,3,120,
38655,165,6,135,
38659,139,1,134,
38657,145,6,115,
38663,146,2,136,
38661,156,4,136,
38660,166,6,136,
38662,160,6,130,
38665,158,4,138,
38664,172,5,147,
38666,167,4,147,
38667,161,4,141,
38668,164,3,149,
38672,160,1,155,
38669,173,4,153,
38670,173,5,148,
38675,159,1,154,
38671,182,6,152,
38673,181,6,151,
38674,184,6,154,
38676,175,3,160,
38677,193,6,163,
38680,186,4,166,
38678,187,5,162,
38679,190,5,165,
38683,192,1,187,
38681,199,3,184,
38684,201,4,181,
38682,216,6,186,
38685,199,5,174,
38686,200,4,180,
38687,202,4,182,
38689,205,3,190,
38688,213,5,188,
38690,206,5,181,
38691,218,5,193,
38693,219,3,204,
38692,221,5,196,
38694,226,4,206,
38696,230,4,210,
38697,232,4,212,
38699,226,1,221,
38698,228,4,208,
38700,228,1,223,
38695,239,6,209,
38703,214,3,199,
38704,215,3,200,
38702,224,5,199,
38701,227,6,197,
38708,223,1,218,
38707,225,2,215,
38705,234,4,214,
38706,235,4,215,
38711,235,2,225,
38709,239,3,224,
38710,241,3,226,
38712,241,3,226,
38713,232,1,227,
38715,257,5,232,
38714,260,6,230,
38716,253,6,223,
38717,253,6,223,
38721,254,2,244,
38720,259,3,244,
38723,255,1,250,
38718,268,6,238,
38719,271,6,241,
38725,249,2,239,
38722,284,6,254,
38724,276,4,256,
38729,266,2,256,
38727,270,4,250,
38728,271,3,256,
38726,272,6,242,
38731,266,1,261,
38732,267,1,262,
38730,277,2,267,
38733,268,1,263,
