number of cooks =6,number of max customers per minute = 5,number of Cashiers = 4,
Order Number,Time Taken,Number of Ordered Things,Excess Wait Time 
40053,14,2,0,
40054,14,2,0,
40056,7,1,0,
40055,21,3,0,
40052,28,4,0,
40057,28,4,0,
40059,21,3,0,
40058,33,4,5,
40063,14,2,0,
40060,28,4,0,
40064,14,2,0,
40061,28,4,0,
40062,28,4,0,
40065,21,3,0,
40068,19,2,5,
40071,9,1,2,
40069,23,2,9,
40066,33,4,5,
40072,17,1,10,
40067,28,4,0,
40070,30,3,9,
40073,14,2,0,
40076,7,1,0,
40074,18,2,4,
40075,21,3,0,
40077,21,3,0,
40078,14,2,0,
40081,7,1,0,
40083,16,2,2,
40079,28,4,0,
40080,28,4,0,
40084,19,2,5,
40082,23,3,2,
40087,23,2,9,
40086,28,3,7,
40085,28,4,0,
40089,21,3,0,
40088,37,4,9,
40090,14,2,0,
40091,21,3,0,
40093,14,2,0,
40094,14,2,0,
40097,9,1,2,
40092,21,3,0,
40095,21,3,0,
40102,9,1,2,
40096,21,3,0,
40101,16,2,2,
40098,26,3,5,
40099,26,3,5,
40100,21,3,0,
40103,14,2,0,
40104,16,2,2,
40107,7,1,0,
40106,14,2,0,
40108,14,2,0,
40105,35,4,7,
40110,7,1,0,
40112,7,1,0,
40113,7,1,0,
40115,7,1,0,
40109,21,3,0,
40111,28,4,0,
40114,21,3,0,
40116,14,2,0,
40117,7,1,0,
40118,21,3,0,
40119,21,3,0,
40121,21,3,0,
40123,14,2,0,
40120,28,4,0,
40124,23,3,2,
40128,7,1,0,
40122,28,4,0,
40125,33,3,12,
40126,30,4,2,
40131,14,2,0,
40132,18,2,4,
40127,28,4,0,
40129,32,4,4,
40134,12,1,5,
40130,28,4,0,
40138,10,1,3,
40136,23,2,9,
40133,39,4,11,
40135,30,3,9,
40137,24,3,3,
40140,15,2,1,
40141,18,2,4,
40146,16,1,9,
40139,37,4,9,
40144,19,2,5,
40145,20,2,6,
40142,31,3,10,
40149,7,1,0,
40143,39,4,11,
40147,21,3,0,
40151,14,2,0,
40153,14,2,0,
40148,28,4,0,
40150,29,4,1,
40152,28,4,0,
40155,19,2,5,
40157,14,2,0,
40158,14,2,0,
40159,16,1,9,
40156,26,3,5,
40160,17,1,10,
40154,30,4,2,
40163,14,1,7,
40164,14,1,7,
40165,14,2,0,
40161,26,3,5,
40169,12,1,5,
40166,22,3,1,
40162,33,4,5,
40168,26,3,5,
40171,20,1,13,
40167,33,4,5,
40173,7,1,0,
40172,24,3,3,
40175,15,2,1,
40170,35,4,7,
40174,21,3,0,
40176,14,2,0,
40177,7,1,0,
40178,7,1,0,
40182,7,1,0,
40179,28,4,0,
40180,28,4,0,
40181,28,4,0,
40185,14,2,0,
40184,21,3,0,
40183,28,4,0,
40186,14,2,0,
40187,14,2,0,
40191,7,1,0,
40188,21,3,0,
40189,21,3,0,
40190,28,4,0,
40193,21,3,0,
40192,33,4,5,
40197,16,1,9,
40194,28,4,0,
40195,21,3,0,
40196,21,3,0,
40198,7,1,0,
40199,7,1,0,
40200,21,3,0,
40201,14,2,0,
40205,7,1,0,
40206,7,1,0,
40207,7,1,0,
40202,28,4,0,
40204,21,3,0,
40203,28,4,0,
40210,14,2,0,
40211,14,2,0,
40208,21,3,0,
40209,28,4,0,
40212,28,4,0,
