number of cooks =6,number of max customers per minute = 5,number of Cashiers = 4,
Order Number,Time Taken,Number of Ordered Things,Excess Wait Time 
44337,7,1,0,
44338,14,2,0,
44340,7,1,0,
44341,14,2,0,
44342,14,2,0,
44339,28,4,0,
44344,14,2,0,
44348,7,1,0,
44343,28,4,0,
44347,19,2,5,
44345,28,4,0,
44346,33,4,5,
44353,7,1,0,
44351,21,3,0,
44352,21,3,0,
44349,33,4,5,
44350,36,4,8,
44354,18,2,4,
44357,9,1,2,
44358,11,1,4,
44359,7,1,0,
44356,23,3,2,
44355,36,4,8,
44360,7,1,0,
44361,7,1,0,
44362,28,4,0,
44363,28,4,0,
44364,28,4,0,
44365,14,2,0,
44366,14,2,0,
44367,21,3,0,
44372,7,1,0,
44368,28,4,0,
44369,28,4,0,
44370,21,3,0,
44371,21,3,0,
44373,14,2,0,
44374,14,2,0,
44378,7,1,0,
44375,28,4,0,
44376,14,2,0,
44379,14,2,0,
44381,14,2,0,
44382,7,1,0,
44377,28,4,0,
44380,21,3,0,
44385,14,2,0,
44383,28,4,0,
44384,28,4,0,
44386,21,3,0,
44387,21,3,0,
44389,12,1,5,
44388,14,2,0,
44391,14,2,0,
44395,7,1,0,
44390,30,3,9,
44394,14,2,0,
44392,30,4,2,
44393,21,3,0,
44396,7,1,0,
44397,7,1,0,
44398,7,1,0,
44399,14,2,0,
44400,14,2,0,
44402,7,1,0,
44404,7,1,0,
44401,14,2,0,
44405,7,1,0,
44403,28,4,0,
44407,14,2,0,
44409,14,2,0,
44406,28,4,0,
44408,21,3,0,
44410,7,1,0,
44412,14,2,0,
44411,28,4,0,
44413,21,3,0,
44414,7,1,0,
44416,7,1,0,
44418,7,1,0,
44415,21,3,0,
44421,7,1,0,
44417,28,4,0,
44419,21,3,0,
44420,28,4,0,
44422,28,4,0,
44424,14,2,0,
44423,21,3,0,
44427,21,3,0,
44425,28,4,0,
44426,28,4,0,
44429,14,2,0,
44430,14,2,0,
44428,21,3,0,
44434,12,1,5,
44433,14,2,0,
44431,30,4,2,
44432,21,3,0,
44435,26,3,5,
44436,7,1,0,
44437,7,1,0,
44439,8,1,1,
44440,7,1,0,
44441,7,1,0,
44438,28,4,0,
44443,14,2,0,
44444,7,1,0,
44442,21,3,0,
44445,14,2,0,
44447,21,3,0,
44451,14,2,0,
44446,28,4,0,
44448,21,3,0,
44450,21,3,0,
44449,28,4,0,
44452,30,4,2,
44453,33,4,5,
44454,37,4,9,
44458,18,1,11,
44455,30,4,2,
44457,30,3,9,
44456,30,4,2,
44460,7,1,0,
44459,18,2,4,
44461,14,2,0,
44463,14,2,0,
44464,14,2,0,
44462,28,4,0,
44465,21,3,0,
44466,28,4,0,
44467,28,4,0,
