number of cooks =6,number of max customers per minute = 5,number of Cashiers = 2,
Order Number,Time Taken,Number of Ordered Things,Excess Wait Time 
16318,7,1,0,
16316,14,2,0,
16315,28,4,0,
16317,28,4,0,
16320,14,2,0,
16319,21,3,0,
16325,11,1,4,
16322,21,3,0,
16321,28,4,0,
16323,21,3,0,
16327,17,2,3,
16324,28,4,0,
16326,39,4,11,
16328,31,4,3,
16329,14,2,0,
16330,14,2,0,
16331,14,2,0,
16332,21,3,0,
16333,29,4,1,
16334,29,4,1,
16335,32,4,4,
16337,14,2,0,
16339,7,1,0,
16338,21,3,0,
16341,7,1,0,
16336,28,4,0,
16342,14,2,0,
16340,21,3,0,
16345,7,1,0,
16343,21,3,0,
16344,14,2,0,
16346,14,2,0,
16349,7,1,0,
16347,21,3,0,
16348,21,3,0,
16350,29,4,1,
16351,7,1,0,
16352,7,1,0,
16353,7,1,0,
16355,14,2,0,
16356,14,2,0,
16354,28,4,0,
16358,7,1,0,
16357,14,2,0,
16359,14,2,0,
16360,28,4,0,
16361,21,3,0,
16362,21,3,0,
16365,14,2,0,
16366,7,1,0,
16367,9,1,2,
16363,28,4,0,
16369,11,1,4,
16364,32,4,4,
16368,22,3,1,
16372,7,1,0,
16373,7,1,0,
16370,28,4,0,
16371,21,3,0,
16377,7,1,0,
16378,7,1,0,
16374,28,4,0,
16375,21,3,0,
16376,21,3,0,
16380,14,1,7,
16379,21,3,0,
16381,7,1,0,
16382,14,2,0,
16383,14,2,0,
16385,7,1,0,
16387,7,1,0,
16386,14,2,0,
16390,7,1,0,
16391,7,1,0,
16384,28,4,0,
16388,21,3,0,
16389,21,3,0,
16393,21,2,7,
16395,7,1,0,
16394,21,3,0,
16392,32,4,4,
16397,14,2,0,
16398,16,2,2,
16400,9,1,2,
16396,21,3,0,
16399,21,3,0,
16401,14,2,0,
16405,7,1,0,
16403,21,3,0,
16402,28,4,0,
16404,28,4,0,
16408,21,2,7,
16406,23,3,2,
16412,19,1,12,
16407,32,4,4,
16409,24,3,3,
16411,23,2,9,
16414,25,2,11,
16415,7,1,0,
16410,37,4,9,
16413,32,4,4,
16416,14,2,0,
16417,21,3,0,
16418,26,3,5,
16419,21,3,0,
16421,23,3,2,
16423,17,2,3,
16420,28,4,0,
16422,21,3,0,
16424,14,2,0,
16426,14,2,0,
16428,7,1,0,
16425,21,3,0,
16427,14,2,0,
16430,7,1,0,
16431,7,1,0,
16435,7,1,0,
16429,28,4,0,
16433,21,3,0,
16434,21,3,0,
16436,14,2,0,
16438,15,1,8,
16432,28,4,0,
16439,7,1,0,
16437,28,3,7,
16441,14,2,0,
16440,28,4,0,
16444,7,1,0,
16445,7,1,0,
16443,21,3,0,
16446,7,1,0,
16442,28,4,0,
16447,21,3,0,
16448,21,3,0,
16449,14,2,0,
16450,7,1,0,
16451,7,1,0,
16452,7,1,0,
16454,14,2,0,
16455,14,2,0,
16453,28,4,0,
16457,21,3,0,
16458,14,2,0,
16456,28,4,0,
16459,26,3,5,
16462,16,2,2,
16460,28,4,0,
16461,28,4,0,
16463,7,1,0,
