number of cooks =6,number of max customers per minute = 5,number of Cashiers = 4,
Order Number,Time Taken,Number of Ordered Things,Excess Wait Time 
42851,15,3,0,
42852,5,1,0,
42850,20,4,0,
42855,5,1,0,
42854,20,4,0,
42853,25,5,0,
42856,20,4,0,
42857,20,4,0,
42858,26,5,1,
42859,10,2,0,
42862,5,1,0,
42861,25,5,0,
42860,30,6,0,
42864,20,4,0,
42865,20,4,0,
42866,20,4,0,
42863,25,5,0,
42870,5,1,0,
42868,16,3,1,
42869,16,3,1,
42873,5,1,0,
42875,5,1,0,
42867,30,6,0,
42872,20,4,0,
42874,15,3,0,
42876,10,2,0,
42871,30,6,0,
42878,11,2,1,
42883,5,1,0,
42879,20,4,0,
42881,10,2,0,
42877,30,6,0,
42880,15,3,0,
42882,15,3,0,
42885,6,1,1,
42884,10,2,0,
42888,5,1,0,
42889,5,1,0,
42887,21,4,1,
42890,5,1,0,
42886,26,5,1,
42892,5,1,0,
42893,5,1,0,
42896,5,1,0,
42894,15,3,0,
42895,15,3,0,
42891,30,6,0,
42898,10,2,0,
42899,5,1,0,
42901,10,2,0,
42897,30,6,0,
42904,10,2,0,
42900,25,5,0,
42902,15,3,0,
42903,15,3,0,
42905,31,6,1,
42907,21,4,1,
42908,10,2,0,
42906,30,6,0,
42909,10,2,0,
42912,5,1,0,
42911,22,4,2,
42910,30,6,0,
42914,5,1,0,
42915,5,1,0,
42913,20,4,0,
42917,10,2,0,
42918,15,3,0,
42921,10,2,0,
42916,30,6,0,
42919,20,4,0,
42920,20,4,0,
42923,21,3,6,
42922,31,6,1,
42924,25,5,0,
42926,15,3,0,
42929,10,2,0,
42925,25,5,0,
42931,5,1,0,
42927,25,5,0,
42928,30,6,0,
42930,30,6,0,
42935,15,3,0,
42936,16,3,1,
42932,31,6,1,
42933,31,5,6,
42938,11,1,6,
42934,36,6,6,
42939,22,3,7,
42937,26,5,1,
42940,10,2,0,
42942,10,2,0,
42945,5,1,0,
42943,20,4,0,
42946,5,1,0,
42948,5,1,0,
42941,30,6,0,
42947,10,2,0,
42944,25,5,0,
42949,10,2,0,
42951,10,2,0,
42950,15,3,0,
42952,10,2,0,
42953,10,2,0,
42954,20,4,0,
42955,15,3,0,
42956,20,4,0,
42959,15,3,0,
42960,16,3,1,
42957,30,6,0,
42958,31,6,1,
42964,22,3,7,
42961,36,6,6,
42962,36,5,11,
42963,31,5,6,
42965,26,5,1,
42968,22,3,7,
42966,32,6,2,
42970,17,3,2,
42967,38,5,13,
42971,22,3,7,
42969,37,6,7,
42974,23,3,8,
42975,24,3,9,
42972,38,5,13,
42978,9,1,4,
42979,10,1,5,
42973,33,6,3,
42976,33,4,13,
42981,5,1,0,
42977,38,6,8,
42980,15,3,0,
42982,20,4,0,
42984,10,2,0,
42983,30,6,0,
42987,10,2,0,
42985,20,4,0,
42989,10,2,0,
42986,30,6,0,
42988,25,5,0,
42992,15,3,0,
42995,15,3,0,
42991,25,5,0,
42990,30,6,0,
42993,31,6,1,
42994,25,5,0,
42998,5,1,0,
42996,26,4,6,
43000,15,3,0,
42997,25,5,0,
43001,20,4,0,
42999,31,6,1,
43003,5,1,0,
43002,15,3,0,
43004,10,2,0,
43007,10,2,0,
43008,15,3,0,
43006,20,4,0,
43009,10,2,0,
43005,30,6,0,
43011,15,3,0,
43010,20,4,0,
43012,25,5,0,
43013,26,5,1,
