number of cooks =4,number of max customers per minute = 5,number of Cashiers = 2,
Order Number,Time Taken,Number of Ordered Things,Excess Wait Time 
6324,10,2,0,
6323,30,6,0,
6325,30,6,0,
6327,15,3,0,
6326,30,6,0,
6328,15,3,0,
6329,20,4,0,
6331,16,3,1,
6330,35,6,5,
6334,5,1,0,
6332,20,4,0,
6335,10,2,0,
6333,25,5,0,
6336,10,2,0,
6337,15,3,0,
6338,25,5,0,
6340,21,4,1,
6339,30,6,0,
6343,22,2,12,
6341,36,6,6,
6342,27,4,7,
6346,22,1,17,
6344,36,5,11,
6345,28,3,13,
6348,18,1,13,
6347,18,2,8,
6349,22,1,17,
6351,20,4,0,
6350,30,6,0,
6353,20,4,0,
6352,30,6,0,
6354,26,3,11,
6356,25,1,20,
6357,17,1,12,
6355,35,3,20,
6358,32,3,17,
6359,27,4,7,
6362,18,1,13,
6361,22,3,7,
6360,38,6,8,
6364,29,4,9,
6366,33,3,18,
6365,37,5,12,
6363,38,6,8,
6369,13,1,8,
6367,20,4,0,
6368,20,3,5,
6371,20,4,0,
6370,30,6,0,
6372,21,4,1,
6373,20,4,0,
6374,16,1,11,
6377,21,2,11,
6375,31,4,11,
6378,22,3,7,
6376,36,5,11,
6380,31,2,21,
6382,23,1,18,
6379,38,5,13,
6384,9,1,4,
6383,13,2,3,
6381,38,5,13,
6387,9,1,4,
6386,19,2,9,
6385,38,6,8,
6388,39,6,9,
6389,20,4,0,
6391,10,2,0,
6390,25,5,0,
6393,15,1,10,
6392,25,3,10,
6395,15,3,0,
6394,25,5,0,
6397,20,4,0,
6396,25,5,0,
6399,21,3,6,
6398,30,6,0,
6402,5,1,0,
6400,35,5,10,
6401,15,3,0,
6403,30,6,0,
6404,25,5,0,
6405,20,4,0,
6406,10,2,0,
6408,20,4,0,
6409,20,4,0,
6410,15,3,0,
6411,6,1,1,
6407,30,6,0,
6414,11,1,6,
6412,17,3,2,
6413,25,4,5,
6415,16,3,1,
6416,23,4,3,
6417,15,3,0,
6419,10,2,0,
6418,22,3,7,
6420,14,2,4,
6423,8,1,3,
6424,10,1,5,
6422,30,4,10,
6421,35,6,5,
6425,20,4,0,
6426,21,4,1,
6430,17,1,12,
6429,21,2,11,
6427,31,4,11,
6431,27,2,17,
6428,46,6,16,
6433,38,5,13,
6434,38,4,18,
6432,42,6,12,
6435,43,5,18,
6438,38,3,23,
6436,49,4,29,
6439,49,3,34,
6440,48,2,38,
6441,40,2,30,
6437,59,6,29,
6445,16,1,11,
6443,30,2,20,
6444,35,3,20,
6446,32,3,17,
6449,27,1,22,
6442,50,6,20,
6447,31,4,11,
6448,37,4,17,
6450,49,6,19,
