number of cooks =6,number of max customers per minute = 5,number of Cashiers = 4,
Order Number,Time Taken,Number of Ordered Things,Excess Wait Time 
45759,15,1,0,
45760,15,1,0,
45757,45,3,0,
45758,45,3,0,
45761,30,2,0,
45762,45,3,0,
45765,15,1,0,
45766,15,1,0,
45763,30,2,0,
45770,21,1,6,
45764,45,3,0,
45767,45,3,0,
45769,36,2,6,
45773,31,1,16,
45768,45,3,0,
45774,31,1,16,
45771,56,3,11,
45776,27,1,12,
45775,47,2,17,
45772,57,3,12,
45779,32,1,17,
45780,38,2,8,
45777,61,3,16,
45778,67,3,22,
45781,48,2,18,
45782,48,2,18,
45783,53,2,23,
45784,44,1,29,
45786,53,1,38,
45790,30,1,15,
45787,39,2,9,
45788,39,2,9,
45785,77,3,32,
45791,34,2,4,
45792,15,1,0,
45794,15,1,0,
45789,59,3,14,
45793,30,2,0,
45795,38,2,8,
45797,30,2,0,
45800,15,1,0,
45801,15,1,0,
45798,30,2,0,
45799,30,2,0,
45796,45,3,0,
45802,15,1,0,
45803,30,2,0,
45804,45,3,0,
45807,30,2,0,
45808,30,2,0,
45805,45,3,0,
45809,41,2,11,
45806,45,3,0,
45811,26,1,11,
45812,26,1,11,
45813,31,1,16,
45814,37,1,22,
45816,32,1,17,
45817,32,1,17,
45810,61,3,16,
45815,46,2,16,
45819,38,2,8,
45823,22,1,7,
45818,67,3,22,
45822,32,2,2,
45820,48,3,3,
45821,48,3,3,
45826,30,2,0,
45827,33,2,3,
45824,64,3,19,
45829,15,1,0,
45825,58,3,13,
45828,30,2,0,
45830,31,2,1,
45831,34,2,4,
45833,15,1,0,
45834,15,1,0,
45832,30,2,0,
45837,20,1,5,
45838,15,1,0,
45839,15,1,0,
45836,32,2,2,
45835,45,3,0,
45840,31,2,1,
45842,21,1,6,
45841,31,2,1,
45845,21,1,6,
45846,27,1,12,
45844,33,2,3,
45843,51,3,6,
45847,32,2,2,
45849,15,1,0,
45853,18,1,3,
45848,30,2,0,
45854,15,1,0,
45851,30,2,0,
45850,45,3,0,
45857,21,1,6,
45852,47,3,2,
45856,41,2,11,
45858,41,2,11,
45855,54,3,9,
45859,36,2,6,
45862,37,1,22,
45864,30,1,15,
45860,57,3,12,
45861,63,3,18,
45867,46,1,31,
45863,67,3,22,
45870,32,1,17,
45865,62,3,17,
45866,63,3,18,
45871,43,1,28,
45872,38,1,23,
45874,29,1,14,
45868,73,3,28,
45869,59,3,14,
45873,43,2,13,
45876,44,1,29,
45875,54,2,24,
45877,15,1,0,
45881,15,1,0,
45878,30,2,0,
45882,30,2,0,
45879,45,3,0,
45880,45,3,0,
