number of cooks =6,number of max customers per minute = 5,number of Cashiers = 4,
Order Number,Time Taken,Number of Ordered Things,Excess Wait Time 
41452,15,1,0,
41449,30,2,0,
41451,30,2,0,
41450,45,3,0,
41455,15,1,0,
41453,45,3,0,
41457,15,1,0,
41458,15,1,0,
41454,30,2,0,
41459,15,1,0,
41460,15,1,0,
41461,15,1,0,
41456,45,3,0,
41463,16,1,1,
41467,21,1,6,
41462,45,3,0,
41466,36,2,6,
41464,51,3,6,
41465,45,3,0,
41468,52,3,7,
41472,47,1,32,
41470,56,2,26,
41471,57,2,27,
41469,57,3,12,
41476,52,1,37,
41474,53,2,23,
41473,61,3,16,
41477,58,2,28,
41478,58,2,28,
41475,73,3,28,
41481,57,1,42,
41479,63,2,33,
41480,64,2,34,
41485,33,1,18,
41482,69,2,39,
41484,44,2,14,
41483,84,3,39,
41489,35,1,20,
41488,44,2,14,
41486,69,3,24,
41487,70,3,25,
41490,55,2,25,
41491,65,2,35,
41492,36,2,6,
41495,15,1,0,
41493,50,3,5,
41494,45,3,0,
41498,30,2,0,
41501,21,1,6,
41496,45,3,0,
41500,41,2,11,
41497,45,3,0,
41502,36,1,21,
41503,37,1,22,
41499,51,3,6,
41504,31,1,16,
41505,17,1,2,
41510,15,1,0,
41508,30,2,0,
41511,30,2,0,
41506,51,3,6,
41507,52,3,7,
41513,26,1,11,
41509,45,3,0,
41514,26,1,11,
41518,31,1,16,
41512,61,3,16,
41517,37,2,7,
41515,57,3,12,
41516,48,3,3,
41520,15,1,0,
41519,62,3,17,
41521,30,2,0,
41523,15,1,0,
41525,15,1,0,
41527,16,1,1,
41522,30,2,0,
41528,21,1,6,
41524,45,3,0,
41526,45,3,0,
41529,36,2,6,
41530,37,2,7,
41531,31,2,1,
41534,41,1,26,
41535,32,1,17,
41533,46,2,16,
41532,47,3,2,
41536,48,2,18,
41537,52,2,22,
41538,62,2,32,
41539,53,2,23,
41540,72,3,27,
41541,73,3,28,
41542,74,3,29,
41545,74,2,44,
41543,78,3,33,
41544,88,3,43,
41549,80,1,65,
41551,74,1,59,
41546,98,3,53,
41547,99,3,54,
41548,110,3,65,
41553,70,1,55,
41550,104,3,59,
41554,74,1,59,
41556,76,1,61,
41552,96,3,51,
41557,81,2,51,
41560,72,1,57,
41561,62,1,47,
41558,85,2,55,
41555,105,3,60,
41563,58,1,43,
41559,100,3,55,
41565,41,1,26,
41564,53,2,23,
41569,27,1,12,
41562,97,3,52,
41570,39,1,24,
41566,71,3,26,
41568,41,2,11,
41571,33,1,18,
41567,84,3,39,
41573,45,1,30,
41574,37,1,22,
41575,37,1,22,
41572,58,2,28,
41578,41,1,26,
41579,33,1,18,
41582,37,1,22,
41576,69,3,24,
41583,39,1,24,
41577,70,3,25,
41580,63,3,18,
41586,45,1,30,
41581,74,3,29,
41584,68,2,38,
41588,49,1,34,
41585,70,2,40,
41590,75,2,45,
41587,76,3,31,
41589,81,3,36,
