number of cooks =4,number of max customers per minute = 7,number of Cashiers = 2,
Order Number,Time Taken,Number of Ordered Things,Excess Wait Time 
10529,30,2,0,
10530,30,2,0,
10531,30,2,0,
10532,30,2,0,
10534,35,1,20,
10535,59,2,29,
10533,65,3,20,
10536,74,3,29,
10538,67,1,52,
10537,72,3,27,
10540,81,1,66,
10539,101,3,56,
10542,101,2,71,
10541,111,3,66,
10543,118,3,73,
10544,123,2,93,
10545,114,2,84,
10546,124,2,94,
10548,119,1,104,
10547,129,2,99,
10550,129,1,114,
10552,135,1,120,
10551,148,2,118,
10549,149,3,104,
10555,155,1,140,
10553,166,3,121,
10557,162,1,147,
10554,180,3,135,
10556,184,3,139,
10561,190,1,175,
10559,192,2,162,
10558,202,3,157,
10560,216,3,171,
10564,188,1,173,
10562,221,2,191,
10566,194,1,179,
10563,209,3,164,
10567,199,1,184,
10565,217,2,187,
10571,213,1,198,
10568,215,2,185,
10572,228,1,213,
10573,229,1,214,
10569,235,3,190,
10570,234,3,189,
10574,236,1,221,
10575,242,2,212,
10578,241,1,226,
10576,246,2,216,
10577,245,2,215,
10579,256,1,241,
10581,252,1,237,
10582,252,1,237,
10580,271,2,241,
10583,263,1,248,
10584,267,1,252,
10586,249,1,234,
10585,273,2,243,
10587,265,2,235,
10588,249,2,219,
10590,254,2,224,
10592,235,1,220,
10589,275,3,230,
10593,250,1,235,
10591,271,3,226,
10594,265,2,235,
10596,264,1,249,
10598,272,1,257,
10595,290,3,245,
10597,282,2,252,
10599,286,2,256,
10602,288,1,273,
10603,293,1,278,
10601,310,2,280,
10600,317,3,272,
10605,314,2,284,
10606,322,2,292,
10604,324,3,279,
10609,329,1,314,
10610,329,1,314,
10607,343,3,298,
10612,336,1,321,
10613,339,1,324,
10608,350,3,305,
10611,350,2,320,
10615,354,1,339,
10618,361,1,346,
10617,371,2,341,
10614,381,3,336,
10616,376,3,331,
10619,377,1,362,
10620,385,1,370,
10621,378,1,363,
10622,382,1,367,
10623,383,1,368,
10624,392,1,377,
10627,390,1,375,
10625,422,3,377,
10626,418,3,373,
10629,411,2,381,
10628,419,3,374,
10630,419,1,404,
10632,407,1,392,
10634,415,1,400,
10631,434,3,389,
10633,444,3,399,
10636,437,2,407,
10637,440,1,425,
10635,451,3,406,
10638,465,2,435,
10639,467,2,437,
10641,464,2,434,
10642,472,1,457,
10640,484,3,439,
10644,479,1,464,
10646,482,1,467,
10643,503,3,458,
10648,497,1,482,
10647,501,2,471,
10645,516,3,471,
10651,497,1,482,
10649,524,2,494,
10653,512,1,497,
10652,519,2,489,
10650,534,3,489,
10655,527,1,512,
10656,533,1,518,
10654,550,3,505,
10659,501,1,486,
10660,517,1,502,
10661,516,1,501,
10657,560,3,515,
10658,535,3,490,
10663,523,1,508,
10662,547,2,517,
10666,529,1,514,
10664,541,2,511,
10665,560,3,515,
10669,552,2,522,
10670,557,1,542,
10667,574,3,529,
10668,574,3,529,
10671,567,1,552,
10674,579,1,564,
10672,587,2,557,
10676,577,1,562,
10675,589,2,559,
10673,608,3,563,
10678,598,2,568,
10679,590,2,560,
10677,604,3,559,
10680,601,2,571,
10682,605,1,590,
10684,607,1,592,
10681,618,2,588,
10686,622,1,607,
10685,627,2,597,
10683,638,3,593,
10688,629,1,614,
10687,630,2,600,
10689,623,1,608,
10692,635,1,620,
10690,641,2,611,
10691,649,2,619,
10693,644,2,614,
10694,657,2,627,
10697,673,2,643,
10695,676,3,631,
10696,685,3,640,
10698,693,3,648,
10699,686,2,656,
10700,703,3,658,
10701,711,3,666,
10702,713,2,683,
10703,715,2,685,
10706,719,1,704,
10707,713,1,698,
10704,724,2,694,
10705,733,2,703,
10710,709,1,694,
10709,724,2,694,
10711,733,2,703,
10708,736,3,691,
10712,739,2,709,
10715,732,1,717,
10714,745,2,715,
10713,760,3,715,
10716,751,2,721,
10718,751,1,736,
10717,753,2,723,
10719,746,1,731,
10720,763,2,733,
10721,752,2,722,
10725,757,1,742,
10722,759,3,714,
10723,762,3,717,
10726,772,1,757,
10727,765,1,750,
10724,778,3,733,
10730,780,1,765,
10728,798,3,753,
10729,809,3,764,
10732,810,2,780,
10733,804,1,789,
10731,813,3,768,
10736,819,1,804,
10737,834,2,804,
10738,826,1,811,
10734,846,3,801,
10735,847,3,802,
10740,841,1,826,
10742,852,1,837,
10739,857,2,827,
10741,881,3,836,
