number of cooks =4,number of max customers per minute = 7,number of Cashiers = 2,
Order Number,Time Taken,Number of Ordered Things,Excess Wait Time 
12638,10,2,0,
12635,20,4,0,
12636,25,5,0,
12639,17,3,2,
12637,30,6,0,
12643,25,1,20,
12640,31,4,11,
12641,35,4,15,
12642,47,6,17,
12644,48,6,18,
12647,48,2,38,
12645,52,6,22,
12646,51,5,26,
12648,57,2,47,
12650,53,2,43,
12649,68,4,48,
12651,63,4,43,
12652,64,3,49,
12654,69,2,59,
12653,73,4,53,
12655,92,6,62,
12656,86,6,56,
12657,87,5,62,
12660,82,1,77,
12661,83,1,78,
12658,94,6,64,
12659,99,3,84,
12662,97,3,82,
12664,109,5,84,
12666,104,3,89,
12663,113,6,83,
12665,119,6,89,
12667,122,4,102,
12670,117,3,102,
12671,118,1,113,
12668,129,5,104,
12669,129,5,104,
12673,123,1,118,
12675,116,1,111,
12677,121,1,116,
12672,132,3,117,
12676,125,2,115,
12674,134,3,119,
12681,131,3,116,
12678,138,5,113,
12679,139,5,114,
12680,140,5,115,
12683,147,2,137,
12686,115,1,110,
12682,156,5,131,
12685,147,5,122,
12684,160,6,130,
12687,131,3,116,
12691,117,1,112,
12688,138,4,118,
12693,124,1,119,
12690,141,4,121,
12689,157,6,127,
12694,140,3,125,
12695,122,2,112,
12692,148,6,118,
12697,141,4,121,
12698,142,4,122,
12696,144,5,119,
12699,152,5,127,
12703,139,1,134,
12702,145,4,125,
12701,149,5,124,
12700,163,6,133,
12706,153,1,148,
12705,154,2,144,
12704,165,5,140,
12709,166,4,146,
12708,171,5,146,
12707,174,6,144,
12710,186,6,156,
12711,186,4,166,
12713,175,4,155,
12712,192,6,162,
12715,183,3,168,
12717,178,1,173,
12718,184,2,174,
12714,198,6,168,
12716,196,6,166,
12720,199,3,184,
12722,192,1,187,
12719,208,6,178,
12725,203,1,198,
12724,207,3,192,
12721,209,6,179,
12726,201,1,196,
12723,221,6,191,
12728,205,3,190,
12727,219,4,199,
12730,212,2,202,
12733,217,1,212,
12729,222,6,192,
12734,215,1,210,
12732,223,3,208,
12731,225,4,205,
12737,220,1,215,
12738,217,2,207,
12739,222,2,212,
12735,233,4,213,
12736,245,6,215,
12742,229,3,214,
12740,242,5,217,
12741,247,5,222,
12744,230,2,220,
12743,247,4,227,
12748,238,2,228,
12745,254,6,224,
12746,258,6,228,
12750,249,1,244,
12747,260,6,230,
12749,264,5,239,
12751,264,3,249,
12754,260,1,255,
12752,269,4,249,
12756,270,2,260,
12753,272,6,242,
12757,270,2,260,
12755,280,5,255,
12759,273,2,263,
12760,277,3,262,
12758,282,4,262,
12761,277,3,262,
12764,273,2,263,
12762,284,4,264,
12763,283,3,268,
12765,283,5,258,
12766,284,4,264,
12768,284,4,264,
12771,251,1,246,
12767,294,6,264,
12769,269,3,254,
12770,270,5,245,
12773,271,5,246,
12772,281,6,251,
12774,280,6,250,
12775,280,4,260,
12779,266,1,261,
12776,287,5,262,
12778,281,4,261,
12780,282,3,267,
12777,283,6,253,
12784,273,2,263,
12781,296,4,276,
12785,284,2,274,
12786,279,2,269,
12787,271,1,266,
12782,292,6,262,
12783,294,6,264,
12789,276,1,271,
12790,282,2,272,
12792,278,2,268,
12788,290,4,270,
12794,279,2,269,
12791,303,6,273,
12796,284,1,279,
12798,289,1,284,
12793,294,6,264,
12799,287,1,282,
12795,300,6,270,
12800,295,2,285,
12802,296,1,291,
12803,299,1,294,
12797,314,6,284,
12801,307,4,287,
12806,301,3,286,
12804,303,5,278,
12805,312,6,282,
12807,313,5,288,
12808,313,4,293,
12809,304,4,284,
12812,308,1,303,
12810,313,4,293,
12813,313,2,303,
12811,314,4,294,
12815,309,1,304,
12817,310,1,305,
12816,321,3,306,
12814,333,5,308,
12819,307,3,292,
12818,329,4,309,
12822,317,2,307,
12823,319,2,309,
12821,330,5,305,
12820,332,6,302,
12824,324,3,309,
12825,327,3,312,
12828,343,4,323,
12826,346,5,321,
12827,347,5,322,
12829,346,4,326,
12832,329,2,319,
12830,341,3,326,
12833,334,3,319,
12835,317,1,312,
12836,319,1,314,
12831,353,5,328,
12839,327,1,322,
12838,329,2,319,
12837,332,3,317,
12834,340,6,310,
12841,332,2,322,
12842,333,2,323,
12840,340,4,320,
12845,330,3,315,
12844,343,4,323,
12846,341,4,321,
12843,360,6,330,
12847,355,5,330,
12849,352,4,332,
12850,351,4,331,
12848,354,6,324,
12853,338,1,333,
12854,340,1,335,
12855,324,1,319,
12856,331,2,321,
12852,363,4,343,
12851,367,6,337,
