number of cooks =6,number of max customers per minute = 5,number of Cashiers = 2,
Order Number,Time Taken,Number of Ordered Things,Excess Wait Time 
17726,15,1,0,
17729,15,1,0,
17724,30,2,0,
17725,30,2,0,
17728,30,2,0,
17730,15,1,0,
17731,15,1,0,
17733,15,1,0,
17727,45,3,0,
17734,15,1,0,
17732,30,2,0,
17735,45,3,0,
17736,45,3,0,
17739,30,2,0,
17740,30,2,0,
17737,45,3,0,
17738,45,3,0,
17744,27,1,12,
17745,30,1,15,
17743,41,2,11,
17741,60,3,15,
17742,52,3,7,
17747,33,1,18,
17748,37,1,22,
17746,55,2,25,
17752,44,2,14,
17754,56,2,26,
17749,67,3,22,
17750,67,3,22,
17751,58,3,13,
17753,62,3,17,
17755,45,2,15,
17760,15,1,0,
17758,38,2,8,
17759,30,2,0,
17762,30,1,15,
17756,73,3,28,
17757,63,3,18,
17763,15,1,0,
17761,35,2,5,
17766,28,1,13,
17767,19,1,4,
17768,21,1,6,
17764,41,2,11,
17765,41,2,11,
17772,17,1,2,
17769,30,2,0,
17773,26,1,11,
17770,40,2,10,
17771,30,2,0,
17775,23,1,8,
17774,42,2,12,
17778,35,1,20,
17776,41,2,11,
17777,47,2,17,
17781,29,1,14,
17779,41,2,11,
17782,32,1,17,
17780,44,2,14,
17785,25,1,10,
17786,27,1,12,
17788,20,1,5,
17784,58,2,28,
17787,33,2,3,
17783,66,3,21,
17790,15,1,0,
17792,15,1,0,
17791,30,2,0,
17794,15,1,0,
17789,45,3,0,
17793,30,2,0,
17799,15,1,0,
17800,15,1,0,
17796,30,2,0,
17797,30,2,0,
17795,45,3,0,
17801,15,1,0,
17798,45,3,0,
17802,30,2,0,
17803,30,2,0,
17804,31,2,1,
17807,15,1,0,
17805,35,2,5,
17806,30,2,0,
17809,31,2,1,
17810,31,2,1,
17813,25,1,10,
17812,30,2,0,
17808,45,3,0,
17811,45,3,0,
17816,15,1,0,
17814,42,2,12,
17815,30,2,0,
17820,20,1,5,
17821,18,1,3,
17817,30,2,0,
17819,35,2,5,
17822,26,1,11,
17824,24,1,9,
17818,45,3,0,
17825,26,1,11,
17827,15,1,0,
17828,20,1,5,
17829,20,1,5,
17823,56,3,11,
17831,21,1,6,
17826,52,3,7,
17830,51,3,6,
17833,32,2,2,
17835,41,2,11,
17832,56,3,11,
17836,43,2,13,
17834,53,3,8,
17838,15,1,0,
17837,48,3,3,
17841,34,2,4,
17839,48,3,3,
17840,51,3,6,
17843,15,1,0,
17842,30,2,0,
17845,15,1,0,
17844,30,2,0,
17846,30,2,0,
17847,30,2,0,
17850,15,1,0,
17848,45,3,0,
17849,30,2,0,
17851,30,2,0,
17852,30,2,0,
