number of cooks =4,number of max customers per minute = 3,number of Cashiers = 2,
Order Number,Time Taken,Number of Ordered Things,Excess Wait Time 
2059,5,1,0,
2061,20,4,0,
2060,25,5,0,
2062,30,6,0,
2063,20,4,0,
2064,10,2,0,
2065,15,3,0,
2066,20,4,0,
2067,10,2,0,
2068,20,4,0,
2069,25,5,0,
2072,15,3,0,
2070,30,6,0,
2071,25,5,0,
2073,25,5,0,
2076,10,2,0,
2077,16,2,6,
2075,26,5,1,
2074,30,6,0,
2079,15,3,0,
2078,25,5,0,
2081,5,1,0,
2080,30,6,0,
2082,25,5,0,
2085,5,1,0,
2083,25,5,0,
2084,20,4,0,
2086,15,3,0,
2087,25,5,0,
2088,10,2,0,
2089,15,3,0,
2090,10,2,0,
2091,10,2,0,
2093,10,2,0,
2092,30,6,0,
2095,15,3,0,
2094,30,6,0,
2096,5,1,0,
2097,15,3,0,
2098,20,4,0,
2099,20,4,0,
2100,25,5,0,
2101,25,5,0,
2102,26,5,1,
2104,10,2,0,
2103,20,4,0,
2105,30,6,0,
2106,30,6,0,
2107,15,3,0,
2108,25,5,0,
2111,15,3,0,
2109,25,5,0,
2110,25,5,0,
2112,26,4,6,
2115,10,2,0,
2113,26,4,6,
2118,5,1,0,
2114,36,6,6,
2117,10,2,0,
2116,37,6,7,
2119,10,2,0,
2120,5,1,0,
2122,10,2,0,
2123,5,1,0,
2121,30,6,0,
2124,20,4,0,
2126,20,4,0,
2125,30,6,0,
