number of cooks =6,number of max customers per minute = 7,number of Cashiers = 2,
Order Number,Time Taken,Number of Ordered Things,Excess Wait Time 
21344,7,1,0,
21347,7,1,0,
21348,14,2,0,
21343,21,3,0,
21345,21,3,0,
21346,21,3,0,
21352,18,1,11,
21350,21,3,0,
21349,28,4,0,
21351,27,3,6,
21355,14,2,0,
21356,7,1,0,
21353,21,3,0,
21354,21,3,0,
21361,7,1,0,
21357,21,3,0,
21358,14,2,0,
21359,14,2,0,
21360,21,3,0,
21362,7,1,0,
21364,7,1,0,
21363,14,2,0,
21367,15,2,1,
21365,21,3,0,
21366,21,3,0,
21368,21,3,0,
21371,7,1,0,
21372,7,1,0,
21369,28,4,0,
21374,7,1,0,
21375,7,1,0,
21370,28,4,0,
21377,7,1,0,
21376,14,2,0,
21378,7,1,0,
21373,28,4,0,
21380,14,2,0,
21381,14,2,0,
21379,28,4,0,
21382,7,1,0,
21383,7,1,0,
21387,14,2,0,
21388,14,2,0,
21389,14,2,0,
21385,21,3,0,
21384,28,4,0,
21386,28,4,0,
21395,17,1,10,
21390,27,3,6,
21392,27,3,6,
21394,31,2,17,
21393,32,3,11,
21396,25,1,18,
21391,35,4,7,
21397,31,2,17,
21402,13,1,6,
21398,32,2,18,
21404,20,1,13,
21405,11,1,4,
21399,43,3,22,
21403,27,2,13,
21407,18,1,11,
21400,42,4,14,
21408,22,1,15,
21401,44,4,16,
21409,30,2,16,
21413,28,2,14,
21406,40,4,12,
21412,35,3,14,
21410,46,4,18,
21411,41,4,13,
21414,43,3,22,
21417,39,2,25,
21415,41,3,20,
21420,40,1,33,
21416,42,3,21,
21418,42,2,28,
21425,39,1,32,
21419,51,3,30,
21427,41,1,34,
21421,52,3,31,
21423,53,3,32,
21422,60,4,32,
21424,60,4,32,
21428,56,2,42,
21426,68,4,40,
21429,70,4,42,
21431,70,3,49,
21430,72,4,44,
21432,71,3,50,
21433,75,4,47,
21434,69,4,41,
21435,73,3,52,
21438,65,3,44,
21436,80,4,52,
21437,81,4,53,
21440,73,2,59,
21439,77,3,56,
21441,77,2,63,
21447,75,1,68,
21443,91,3,70,
21444,84,3,63,
21442,92,4,64,
21446,88,3,67,
21445,93,4,65,
21450,79,2,65,
21451,69,2,55,
21452,74,2,60,
21448,95,4,67,
21455,56,1,49,
21449,92,4,64,
21457,61,1,54,
21454,64,2,50,
21453,72,4,44,
21459,67,2,53,
21458,69,3,48,
21456,82,4,54,
21460,74,3,53,
21461,66,3,45,
21465,30,1,23,
21463,32,2,18,
21466,23,1,16,
21467,24,1,17,
21462,34,3,13,
21468,26,2,12,
21469,27,2,13,
21464,47,4,19,
21471,26,3,5,
21475,16,1,9,
21470,32,4,4,
21472,32,4,4,
21477,14,1,7,
21473,37,3,16,
21478,19,1,12,
21474,44,4,16,
21476,28,3,7,
21479,27,2,13,
21481,31,2,17,
21480,34,3,13,
21483,7,1,0,
21482,21,3,0,
21488,7,1,0,
21484,28,4,0,
21486,14,2,0,
21489,15,2,1,
21485,28,4,0,
21487,21,3,0,
21492,12,1,5,
21493,13,1,6,
21490,28,3,7,
21497,11,1,4,
21491,28,4,0,
21494,29,3,8,
21495,30,4,2,
21496,31,4,3,
21498,31,3,10,
21501,25,2,11,
21504,28,1,21,
21499,39,4,11,
21503,35,2,21,
21500,37,4,9,
21505,45,3,24,
21502,48,4,20,
21507,23,3,2,
21510,24,1,17,
21506,49,4,21,
21508,35,4,7,
21509,35,4,7,
21511,38,4,10,
21512,42,4,14,
21513,43,4,15,
21514,38,4,10,
21515,34,4,6,
21516,35,4,7,
21520,16,1,9,
21522,22,1,15,
21517,46,4,18,
21518,41,4,13,
21519,43,4,15,
21525,25,1,18,
21524,28,2,14,
21521,43,4,15,
21523,44,4,16,
21528,38,2,24,
21530,31,1,24,
21526,42,3,21,
21529,33,2,19,
21531,32,1,25,
21532,37,1,30,
21533,37,1,30,
21534,39,1,32,
21527,51,4,23,
21538,36,1,29,
21536,38,2,24,
21540,30,1,23,
21541,42,2,28,
21535,52,4,24,
21539,51,3,30,
21543,35,2,21,
21537,56,4,28,
21542,40,3,19,
21546,21,1,14,
21548,24,1,17,
21547,29,2,15,
21544,53,3,32,
21545,41,4,13,
