number of cooks =4,number of max customers per minute = 7,number of Cashiers = 4,
Order Number,Time Taken,Number of Ordered Things,Excess Wait Time 
36320,30,2,0,
36321,45,3,0,
36322,45,3,0,
36323,45,3,0,
36324,36,1,21,
36326,51,1,36,
36327,51,1,36,
36328,42,1,27,
36325,66,2,36,
36331,58,1,43,
36332,62,1,47,
36330,72,2,42,
36329,87,3,42,
36335,78,1,63,
36333,94,3,49,
36334,108,3,63,
36336,107,2,77,
36340,94,1,79,
36337,123,3,78,
36338,105,2,75,
36342,110,1,95,
36339,134,3,89,
36341,125,2,95,
36343,116,2,86,
36344,116,1,101,
36345,120,1,105,
36347,122,1,107,
36349,135,1,120,
36348,137,2,107,
36350,137,1,122,
36346,151,3,106,
36352,143,1,128,
36353,144,1,129,
36351,157,2,127,
36356,165,2,135,
36354,177,3,132,
36357,178,2,148,
36355,179,3,134,
36359,198,2,168,
36360,199,2,169,
36361,200,2,170,
36358,210,3,165,
36362,214,1,199,
36363,205,1,190,
36365,207,1,192,
36367,211,1,196,
36364,221,2,191,
36368,213,1,198,
36366,235,2,205,
36369,217,1,202,
36371,219,1,204,
36372,211,1,196,
36370,232,2,202,
36374,205,1,190,
36375,217,1,202,
36373,218,2,188,
36377,235,2,205,
36378,247,2,217,
36376,248,3,203,
36379,254,3,209,
36382,244,1,229,
36384,250,1,235,
36380,272,3,227,
36381,284,3,239,
36383,265,2,235,
36385,256,1,241,
36386,263,2,233,
36389,267,2,237,
36387,290,3,245,
36388,291,3,246,
36390,299,3,254,
36392,311,2,281,
36393,302,2,272,
36391,313,3,268,
36394,305,1,290,
36397,318,1,303,
36398,326,2,296,
36395,347,3,302,
36396,348,3,303,
36400,342,1,327,
36402,353,1,338,
36399,355,3,310,
36401,383,3,338,
36403,378,3,333,
36404,380,3,335,
36405,381,3,336,
36407,384,1,369,
36406,409,3,364,
36408,416,3,371,
36409,417,3,372,
36410,420,3,375,
36411,430,2,400,
36412,431,1,416,
36413,432,1,417,
36415,441,2,411,
36416,443,2,413,
36417,414,2,384,
36414,456,3,411,
36418,427,1,412,
36422,438,2,408,
36419,459,3,414,
36420,450,3,405,
36421,442,3,397,
36425,426,1,411,
36427,442,1,427,
36423,474,3,429,
36424,475,3,430,
36426,458,3,413,
36428,458,1,443,
36429,484,2,454,
36430,485,2,455,
36431,479,2,449,
36432,479,2,449,
36433,491,1,476,
36435,509,2,479,
36434,522,3,477,
36437,512,2,482,
36436,524,3,479,
36440,528,1,513,
36438,531,2,501,
36442,534,1,519,
36439,558,3,513,
36441,551,3,506,
36443,542,2,512,
36446,547,1,532,
36445,559,2,529,
36444,570,3,525,
36447,553,2,523,
36448,583,3,538,
36451,583,2,553,
36449,595,3,550,
36450,596,3,551,
36453,590,1,575,
36454,601,1,586,
36455,602,1,587,
36452,604,2,574,
36456,611,2,581,
36457,622,2,592,
36459,615,2,585,
36460,607,1,592,
36458,638,3,593,
36463,613,1,598,
36461,648,3,603,
36464,639,2,609,
36462,651,3,606,
36465,644,2,614,
36467,654,1,639,
36469,650,1,635,
36466,669,2,639,
36470,676,2,646,
36468,686,3,641,
36471,681,2,651,
36474,683,1,668,
36475,687,1,672,
36472,705,3,660,
36473,721,3,676,
36476,729,3,684,
36477,733,3,688,
36478,740,3,695,
36479,757,3,712,
36480,750,2,720,
36481,769,3,724,
36482,767,3,722,
36485,765,1,750,
36483,774,3,729,
36484,776,3,731,
36486,788,2,758,
36488,795,2,765,
36489,797,2,767,
36487,810,3,765,
36491,811,1,796,
36490,824,3,779,
36493,822,2,792,
36495,830,1,815,
36494,832,2,802,
36492,833,3,788,
36497,845,1,830,
36496,852,2,822,
36500,832,1,817,
36501,839,1,824,
36498,868,3,823,
36499,869,3,824,
36505,845,1,830,
36502,878,3,833,
36503,885,3,840,
36504,884,3,839,
36506,876,2,846,
36507,889,2,859,
36509,889,1,874,
36510,891,1,876,
36508,896,2,866,
36513,898,1,883,
36511,925,3,880,
36512,926,3,881,
36515,909,2,879,
36514,922,3,877,
36518,925,1,910,
36519,927,1,912,
36517,937,2,907,
36516,951,3,906,
36520,955,2,925,
36524,962,1,947,
36521,964,3,919,
36523,972,2,942,
36522,973,3,928,
36525,968,1,953,
36527,993,2,963,
36526,1000,3,955,
36528,999,3,954,
36529,1004,3,959,
36532,1005,1,990,
36531,1011,2,981,
36530,1019,3,974,
36535,1026,1,1011,
36533,1040,3,995,
36536,1040,2,1010,
36534,1050,3,1005,
36538,1046,1,1031,
36539,1046,1,1031,
36540,1047,1,1032,
36537,1063,3,1018,
36542,1062,1,1047,
36545,1068,1,1053,
36541,1082,3,1037,
36544,1083,2,1053,
36543,1092,3,1047,
36546,1114,3,1069,
