number of cooks =6,number of max customers per minute = 5,number of Cashiers = 4,
Order Number,Time Taken,Number of Ordered Things,Excess Wait Time 
47260,5,1,0,
47263,15,3,0,
47264,5,1,0,
47266,5,1,0,
47261,20,4,0,
47265,10,2,0,
47262,25,5,0,
47269,5,1,0,
47267,26,4,6,
47270,21,4,1,
47272,15,3,0,
47274,17,2,7,
47268,30,6,0,
47273,20,4,0,
47271,25,5,0,
47276,5,1,0,
47279,5,1,0,
47277,15,3,0,
47275,27,5,2,
47278,15,3,0,
47280,25,5,0,
47282,10,2,0,
47281,20,4,0,
47283,20,4,0,
47284,20,4,0,
47286,15,3,0,
47285,20,4,0,
47287,21,4,1,
47290,5,1,0,
47288,16,3,1,
47291,10,2,0,
47289,15,3,0,
47293,15,3,0,
47295,15,3,0,
47292,26,5,1,
47294,25,5,0,
47296,15,3,0,
47297,25,5,0,
47299,15,3,0,
47300,20,4,0,
47302,10,2,0,
47298,25,5,0,
47301,20,4,0,
47303,26,4,6,
47304,26,4,6,
47305,16,3,1,
47306,20,4,0,
47307,20,4,0,
47309,15,3,0,
47312,6,1,1,
47308,26,5,1,
47313,6,1,1,
47310,30,6,0,
47311,30,6,0,
47316,10,2,0,
47318,16,1,11,
47315,27,4,7,
47314,31,5,6,
47320,11,2,1,
47322,5,1,0,
47317,25,5,0,
47319,26,5,1,
47323,17,3,2,
47321,25,5,0,
47326,25,5,0,
47324,30,6,0,
47325,30,6,0,
47327,30,6,0,
47332,10,2,0,
47328,30,6,0,
47329,30,6,0,
47330,25,5,0,
47331,30,6,0,
47335,21,2,11,
47333,25,5,0,
47337,16,2,6,
47338,21,2,11,
47334,36,5,11,
47339,17,3,2,
47336,31,6,1,
47340,21,3,6,
47341,5,1,0,
47342,10,2,0,
47343,5,1,0,
47344,5,1,0,
47345,25,5,0,
47346,15,3,0,
47347,15,3,0,
47348,20,4,0,
47349,20,4,0,
47352,10,2,0,
47350,15,3,0,
47357,5,1,0,
47354,16,3,1,
47356,10,2,0,
47351,30,6,0,
47353,30,6,0,
47359,5,1,0,
47355,15,3,0,
47361,6,1,1,
47360,11,2,1,
47363,15,3,0,
47364,5,1,0,
47358,36,6,6,
47366,10,2,0,
47362,25,5,0,
47365,15,3,0,
47368,10,2,0,
47369,10,2,0,
47371,21,3,6,
47367,31,5,6,
47370,21,4,1,
47375,17,1,12,
47372,20,4,0,
47373,21,4,1,
47374,26,5,1,
47378,10,2,0,
47377,15,3,0,
47379,16,3,1,
47376,32,6,2,
47381,5,1,0,
47380,27,5,2,
47382,10,2,0,
47384,5,1,0,
47386,5,1,0,
47387,10,2,0,
47383,20,4,0,
47392,6,1,1,
47388,20,4,0,
47385,30,6,0,
47389,20,4,0,
47391,16,3,1,
47390,30,6,0,
47393,32,5,7,
47396,5,1,0,
47394,30,6,0,
47395,20,4,0,
47397,10,2,0,
47400,10,2,0,
47401,11,2,1,
47399,15,3,0,
47398,25,5,0,
47402,16,3,1,
47403,10,2,0,
47405,10,2,0,
47404,25,5,0,
47407,15,3,0,
47406,25,5,0,
47409,10,2,0,
47408,30,6,0,
