number of cooks =6,number of max customers per minute = 7,number of Cashiers = 2,
Order Number,Time Taken,Number of Ordered Things,Excess Wait Time 
25619,10,2,0,
25616,15,3,0,
25617,20,4,0,
25618,20,4,0,
25621,13,2,3,
25625,17,1,12,
25615,30,6,0,
25622,21,3,6,
25620,30,6,0,
25624,26,3,11,
25629,22,2,12,
25626,25,3,10,
25627,31,4,11,
25623,41,6,11,
25628,36,5,11,
25634,8,1,3,
25630,20,4,0,
25631,24,4,4,
25637,5,1,0,
25633,26,3,11,
25638,9,1,4,
25632,30,5,5,
25635,15,3,0,
25641,5,1,0,
25642,6,1,1,
25636,25,5,0,
25639,20,4,0,
25644,10,2,0,
25640,30,6,0,
25643,25,5,0,
25648,5,1,0,
25646,10,2,0,
25647,10,2,0,
25649,10,2,0,
25645,25,5,0,
25650,20,4,0,
25655,10,1,5,
25651,30,6,0,
25654,25,5,0,
25652,30,6,0,
25653,30,6,0,
25657,15,3,0,
25658,16,3,1,
25659,16,2,6,
25656,25,5,0,
25663,5,1,0,
25664,5,1,0,
25665,5,1,0,
25660,39,6,9,
25661,25,5,0,
25667,10,2,0,
25662,30,6,0,
25670,5,1,0,
25668,10,2,0,
25666,30,6,0,
25671,15,3,0,
25669,25,5,0,
25673,15,3,0,
25676,15,3,0,
25672,20,4,0,
25677,20,4,0,
25678,16,2,6,
25679,18,2,8,
25674,30,6,0,
25675,30,6,0,
25685,17,1,12,
25681,27,3,12,
25680,30,4,10,
25682,35,4,15,
25687,28,2,18,
25686,32,3,17,
25683,42,5,17,
25690,25,1,20,
25684,37,5,12,
25691,29,1,24,
25688,50,6,20,
25694,33,3,18,
25695,34,3,19,
25689,56,6,26,
25692,49,5,24,
25693,41,5,16,
25699,39,2,29,
25701,41,2,31,
25696,52,4,32,
25700,46,3,31,
25697,57,5,32,
25702,54,3,39,
25698,64,6,34,
25703,48,3,33,
25708,52,3,37,
25705,61,5,36,
25704,64,6,34,
25706,64,5,39,
25707,64,4,44,
25711,57,1,52,
25709,64,5,39,
25710,67,3,52,
25713,61,3,46,
25716,55,2,45,
25712,78,5,53,
25719,50,1,45,
25714,72,5,47,
25715,64,5,39,
25722,53,2,43,
25717,64,5,39,
25718,67,5,42,
25723,65,4,45,
25720,80,6,50,
25721,80,6,50,
25724,73,4,53,
25726,73,5,48,
25725,75,6,45,
25728,76,3,61,
25730,78,3,63,
25729,81,4,61,
25734,75,1,70,
25732,76,2,66,
25727,85,6,55,
25733,77,2,67,
25731,79,3,64,
25735,87,3,72,
25740,64,3,49,
25741,68,2,58,
25736,100,5,75,
25739,73,5,48,
25737,77,6,47,
25738,77,6,47,
25742,79,3,64,
25743,61,2,51,
25749,61,2,51,
25744,73,4,53,
25745,79,5,54,
25748,72,4,52,
25746,82,5,57,
25752,66,1,61,
25747,78,6,48,
25754,73,2,63,
25755,76,2,66,
25750,87,5,62,
25751,87,5,62,
25757,78,1,73,
25756,82,3,67,
25761,75,1,70,
25753,88,5,63,
25758,93,5,68,
25760,94,5,69,
25763,87,4,67,
25764,88,4,68,
25759,99,6,69,
25762,95,6,65,
25766,76,2,66,
25767,78,2,68,
25765,89,3,74,
25772,68,2,58,
25770,71,3,56,
25768,94,5,69,
25769,99,6,69,
25773,84,5,59,
25771,87,6,57,
25775,77,3,62,
25778,76,2,66,
25776,85,4,65,
25777,76,3,61,
25774,90,6,60,
25781,80,1,75,
25779,87,4,67,
25783,82,3,67,
25782,95,4,75,
25785,78,3,63,
25780,97,6,67,
25784,81,4,61,
25787,82,2,72,
25789,69,2,59,
25786,88,4,68,
25788,91,3,76,
25792,73,2,63,
25794,73,1,68,
25790,84,5,59,
25796,55,2,45,
25791,86,5,61,
25793,88,4,68,
25795,84,4,64,
25801,56,1,51,
25797,71,5,46,
25800,71,3,56,
25798,74,4,54,
25803,57,2,47,
25806,31,1,26,
25799,80,5,55,
25807,32,1,27,
25802,75,4,55,
25804,57,3,42,
25812,33,1,28,
25810,47,3,32,
25805,49,5,24,
25813,43,2,33,
25808,56,5,31,
25809,60,6,30,
25811,56,6,26,
25818,48,1,43,
25815,63,5,38,
25814,69,6,39,
25819,52,3,37,
25817,63,5,38,
25820,54,3,39,
25816,73,6,43,
25826,45,2,35,
25825,49,3,34,
25821,70,5,45,
25827,50,1,45,
25823,53,4,33,
25824,54,4,34,
25822,71,6,41,
25828,64,3,49,
25830,58,3,43,
25833,51,2,41,
25829,62,4,42,
25831,54,4,34,
25837,47,1,42,
25838,54,2,44,
25832,65,6,35,
25836,58,3,43,
25840,59,1,54,
25834,71,5,46,
25835,64,5,39,
25839,77,6,47,
